> assign100.txt | n=100 | Count=30 | Seeds=[3977932950, 2977138497, 3574856790, 2638429600, 2058905258, 3182282959, 2507286822, 4262871977, 2802712684, 2044407649, 269478160, 1305131626, 1161723752, 3867085472, 3498803833, 2780040994, 786961640, 4145857063, 1109607973, 93790668, 2903480363, 2973684152, 601988904, 3685980149, 3617406453, 1762841863, 3960042926, 1104656630, 2322331888, 947703261]
0.0		1.0
0.01		1.1730054644808745
0.02		1.2310382513661202
0.03		1.283934426229508
0.04		1.3133333333333332
0.05		1.3695081967213114
0.06		1.4609836065573767
0.07		1.4357377049180329
0.08		1.4712568306010925
0.09		1.5127868852459017
0.1		1.542513661202186
0.2		1.7430601092896176
0.3		1.7596721311475412
0.4		1.7471038251366122
0.5		1.7897267759562843
0.6		1.7624043715846993
0.7		1.7996721311475414
0.8		1.7500546448087433
0.9		1.7261202185792353
1.0		1.6888524590163934
> assign200.txt | n=200 | Count=30 | Seeds=[3977932950, 2977138497, 3574856790, 2638429600, 2058905258, 3182282959, 2507286822, 4262871977, 2802712684, 2044407649, 269478160, 1305131626, 1161723752, 3867085472, 3498803833, 2780040994, 786961640, 4145857063, 1109607973, 93790668, 2903480363, 2973684152, 601988904, 3685980149, 3617406453, 1762841863, 3960042926, 1104656630, 2322331888, 947703261]
0.0		1.0
0.01		1.1717192982456137
0.02		1.245263157894737
0.03		1.2988771929824554
0.04		1.353684210526316
0.05		1.3811228070175439
0.06		1.4016842105263154
0.07		1.4168421052631581
0.08		1.4322105263157896
0.09		1.4658245614035088
0.1		1.4858245614035084
0.2		1.5637894736842106
0.3		1.6218947368421053
0.4		1.6175438596491234
0.5		1.6790175438596484
0.6		1.6703157894736844
0.7		1.6568421052631581
0.8		1.6946666666666665
0.9		1.6668771929824564
1.0		1.7026666666666668
> assign300.txt | n=300 | Count=30 | Seeds=[3977932950, 2977138497, 3574856790, 2638429600, 2058905258, 3182282959, 2507286822, 4262871977, 2802712684, 2044407649, 269478160, 1305131626, 1161723752, 3867085472, 3498803833, 2780040994, 786961640, 4145857063, 1109607973, 93790668, 2903480363, 2973684152, 601988904, 3685980149, 3617406453, 1762841863, 3960042926, 1104656630, 2322331888, 947703261]
0.0		1.0
0.01		1.1805644302449416
0.02		1.2314164004259855
0.03		1.3003727369542064
0.04		1.329978700745474
0.05		1.3730031948881793
0.06		1.3698083067092655
0.07		1.3950479233226836
0.08		1.4261448349307775
0.09		1.423056443024494
0.1		1.428274760383386
0.2		1.5280617678381254
0.3		1.5309904153354632
0.4		1.5722577209797657
0.5		1.5722044728434503
0.6		1.6273162939297126
0.7		1.6008519701810433
0.8		1.5835463258785945
0.9		1.5957933972310971
1.0		1.6151224707135252
> assign400.txt | n=400 | Count=30 | Seeds=[3977932950, 2977138497, 3574856790, 2638429600, 2058905258, 3182282959, 2507286822, 4262871977, 2802712684, 2044407649, 269478160, 1305131626, 1161723752, 3867085472, 3498803833, 2780040994, 786961640, 4145857063, 1109607973, 93790668, 2903480363, 2973684152, 601988904, 3685980149, 3617406453, 1762841863, 3960042926, 1104656630, 2322331888, 947703261]
0.0		1.0
0.01		1.1600746268656714
0.02		1.215878938640132
0.03		1.2682006633499177
0.04		1.2954809286898843
0.05		1.3296019900497515
0.06		1.3463930348258701
0.07		1.3461857379767825
0.08		1.3751658374792703
0.09		1.3635572139303482
0.1		1.3825041459369816
0.2		1.4899253731343278
0.3		1.4696932006633503
0.4		1.50514096185738
0.5		1.5086235489220563
0.6		1.5206467661691543
0.7		1.5172885572139307
0.8		1.5199419568822556
0.9		1.5213101160862352
1.0		1.5296849087893862
> assign500.txt | n=500 | Count=30 | Seeds=[3977932950, 2977138497, 3574856790, 2638429600, 2058905258, 3182282959, 2507286822, 4262871977, 2802712684, 2044407649, 269478160, 1305131626, 1161723752, 3867085472, 3498803833, 2780040994, 786961640, 4145857063, 1109607973, 93790668, 2903480363, 2973684152, 601988904, 3685980149, 3617406453, 1762841863, 3960042926, 1104656630, 2322331888, 947703261]
0.0		1.0
0.01		1.1425159771274804
0.02		1.185502859064918
0.03		1.2293642785065595
0.04		1.248469559367642
0.05		1.272283888328288
0.06		1.2930373360242178
0.07		1.3143962327615204
0.08		1.3023545240497816
0.09		1.3248234106962664
0.1		1.327547931382442
0.2		1.3935082408341741
0.3		1.4002354524049783
0.4		1.427850655903128
0.5		1.43447695930037
0.6		1.4225361587621927
0.7		1.43975782038345
0.8		1.4377396569122098
0.9		1.4329297006390853
1.0		1.4136226034308783
> assign600.txt | n=600 | Count=30 | Seeds=[3977932950, 2977138497, 3574856790, 2638429600, 2058905258, 3182282959, 2507286822, 4262871977, 2802712684, 2044407649, 269478160, 1305131626, 1161723752, 3867085472, 3498803833, 2780040994, 786961640, 4145857063, 1109607973, 93790668, 2903480363, 2973684152, 601988904, 3685980149, 3617406453, 1762841863, 3960042926, 1104656630, 2322331888, 947703261]
0.0		1.0
0.01		1.1259637188208615
0.02		1.1697845804988665
0.03		1.1846088435374147
0.04		1.2248582766439908
0.05		1.2401077097505666
0.06		1.251332199546486
0.07		1.2642857142857147
0.08		1.2577097505668937
0.09		1.2820578231292514
0.1		1.288860544217687
0.2		1.3231009070294788
0.3		1.3397959183673471
0.4		1.354506802721089
0.5		1.3498866213151928
0.6		1.3538548752834465
0.7		1.3608560090702944
0.8		1.345804988662132
0.9		1.3659580498866206
1.0		1.3447845804988663
> assign700.txt | n=700 | Count=30 | Seeds=[3977932950, 2977138497, 3574856790, 2638429600, 2058905258, 3182282959, 2507286822, 4262871977, 2802712684, 2044407649, 269478160, 1305131626, 1161723752, 3867085472, 3498803833, 2780040994, 786961640, 4145857063, 1109607973, 93790668, 2903480363, 2973684152, 601988904, 3685980149, 3617406453, 1762841863, 3960042926, 1104656630, 2322331888, 947703261]
0.0		1.0
0.01		1.1199951052373964
0.02		1.1641703377386199
0.03		1.190748898678414
0.04		1.2083945178658835
0.05		1.216715614292707
0.06		1.2354380812530592
0.07		1.2525452765540872
0.08		1.2381057268722464
0.09		1.2590063631913855
0.1		1.247063142437591
0.2		1.2941262848751836
0.3		1.3127508565834558
0.4		1.3154919236417035
0.5		1.3216348507097408
0.6		1.316372980910426
0.7		1.3168135095447873
0.8		1.3170827214880072
0.9		1.3280714635340185
1.0		1.3170093000489476
> assign800.txt | n=800 | Count=30 | Seeds=[3977932950, 2977138497, 3574856790, 2638429600, 2058905258, 3182282959, 2507286822, 4262871977, 2802712684, 2044407649, 269478160, 1305131626, 1161723752, 3867085472, 3498803833, 2780040994, 786961640, 4145857063, 1109607973, 93790668, 2903480363, 2973684152, 601988904, 3685980149, 3617406453, 1762841863, 3960042926, 1104656630, 2322331888, 947703261]
0.0		1.0
0.01		1.11520618556701
0.02		1.1422680412371133
0.03		1.1706615120274912
0.04		1.1889175257731954
0.05		1.1867912371134015
0.06		1.1907431271477664
0.07		1.2113402061855676
0.08		1.2103092783505154
0.09		1.2134450171821307
0.1		1.2166881443298971
0.2		1.246821305841925
0.3		1.2684707903780075
0.4		1.2664089347079035
0.5		1.2742268041237115
0.6		1.2711340206185566
0.7		1.2706400343642619
0.8		1.2722508591065287
0.9		1.2749570446735405
1.0		1.2742912371134023

