52,59,40,77,59,14,39,77,62,47,52,53,66,96,62,46,33,51,62,84,6,81,17,85,57,35,31,71,6,50,38,40,45,24,80,12,68,5,50,63,70,63,65,96,31,53,35,25,30,34,72,76,68,20,31,53,31,28,86,46,51,32,39,19,28,52,61,69,2,0,37,23,23,12,25,60,75,6,8,9,42,45,80,72,47,72,45,13,27,62,96,73,21,94,36,10,70,29,76,69
20,17,80,66,14,43,4,69,5,59,59,18,61,52,52,35,36,38,7,52,15,53,57,33,57,37,37,64,83,32,100,53,92,49,63,46,60,64,73,58,36,9,84,96,36,95,92,65,61,63,44,4,58,70,52,89,13,86,64,1,58,67,5,95,53,63,39,26,27,30,51,48,69,53,35,34,75,32,64,82,9,23,31,38,82,45,81,58,47,58,45,79,59,34,39,27,61,76,58,92
47,64,20,77,71,1,44,26,100,20,66,31,66,15,56,90,80,39,66,67,36,58,74,35,11,70,63,6,96,32,62,100,4,20,49,46,100,89,18,68,6,91,36,39,47,70,55,11,53,66,56,47,25,48,45,9,54,46,98,67,51,40,19,62,91,66,96,5,28,58,76,23,19,33,38,26,50,34,58,16,70,76,45,22,6,28,56,33,20,58,33,20,95,52,72,68,62,76,9,31
55,63,55,35,1,46,51,70,51,54,53,66,76,70,70,53,29,67,65,91,42,80,57,53,11,80,6,69,3,24,81,69,72,25,91,100,77,69,38,2,48,22,44,30,61,53,21,59,35,50,14,2,49,70,36,38,74,68,17,40,38,67,37,63,57,51,3,65,34,40,82,68,97,15,96,5,58,34,61,8,54,58,48,71,78,62,50,75,37,76,45,13,20,88,50,30,47,6,17,49
70,43,44,26,49,50,54,18,31,12,16,98,58,50,35,87,68,57,6,65,19,4,50,23,59,91,34,41,23,22,59,67,15,56,32,34,32,78,90,36,50,78,52,58,49,50,26,74,34,69,56,90,53,82,97,21,21,37,43,69,97,33,32,27,61,65,98,39,21,60,58,40,36,96,64,32,35,80,66,98,38,5,5,57,59,76,51,0,39,66,57,51,15,24,63,48,47,50,85,97
69,72,45,91,70,94,95,20,5,60,90,96,6,44,81,76,100,34,52,56,70,90,89,78,94,46,37,20,61,80,24,32,53,75,3,53,79,9,58,95,68,35,14,84,44,46,55,81,49,40,54,47,99,90,61,65,66,55,17,22,25,34,95,28,53,39,64,7,94,16,14,38,48,73,20,50,26,86,61,44,99,25,41,79,86,53,5,15,10,49,89,40,68,62,100,24,47,38,62,74
77,53,59,20,49,97,66,51,52,42,4,67,32,14,10,89,34,56,23,51,25,69,51,58,51,63,88,60,44,79,90,62,34,68,43,43,99,54,8,9,44,59,48,84,68,6,35,15,93,29,38,15,41,86,45,39,26,46,72,62,69,23,67,15,78,83,60,99,86,27,97,59,57,92,59,65,20,8,67,91,99,62,58,37,33,84,96,56,52,86,45,75,27,59,39,70,16,61,51,45
67,78,99,75,47,2,39,53,54,90,59,77,57,99,97,27,35,52,99,84,25,89,53,45,44,27,13,68,63,0,11,35,16,100,54,96,96,54,32,72,35,51,68,49,36,57,16,19,90,40,63,41,41,71,57,34,65,60,64,99,56,30,58,75,26,60,90,100,71,12,37,43,42,57,47,60,30,13,47,37,51,40,82,0,41,43,76,66,34,40,24,17,31,78,30,19,38,73,99,48
49,36,49,60,57,16,94,15,80,2,78,57,62,25,69,86,39,50,8,99,72,43,15,86,27,66,37,83,85,57,83,85,51,52,32,58,44,56,9,4,50,2,32,21,63,13,20,67,58,57,91,88,70,56,3,23,57,18,45,21,13,37,42,5,54,65,29,77,9,29,83,7,68,4,65,76,96,83,20,42,35,68,1,4,45,42,76,41,64,19,3,76,7,41,17,39,25,16,32,44
53,75,22,81,44,22,28,67,45,81,28,38,59,42,50,21,52,69,63,80,96,69,17,19,60,42,40,35,76,99,46,79,23,43,20,53,21,49,50,44,26,65,62,73,40,23,70,22,70,59,10,34,87,36,71,64,14,28,42,80,28,2,53,51,8,26,48,28,30,28,36,64,49,34,14,5,59,63,33,47,30,42,46,46,64,2,34,53,61,34,46,52,53,69,42,22,70,98,86,15
95,47,59,12,71,83,42,85,70,20,17,22,66,4,15,22,16,50,2,57,6,73,42,55,11,28,95,45,60,32,82,43,57,65,46,58,70,35,22,72,9,59,64,89,65,59,55,49,79,32,53,31,57,23,70,55,79,4,83,39,47,26,25,36,71,58,95,50,9,58,7,38,6,55,68,18,48,84,49,61,67,52,41,42,58,67,57,40,84,14,66,63,59,15,42,59,47,42,70,14
53,56,30,47,55,98,46,84,36,54,98,41,4,42,76,89,77,85,43,52,33,48,94,79,53,8,21,50,17,95,84,57,57,17,79,47,77,4,70,39,41,51,94,39,79,37,83,25,46,70,6,58,36,68,75,36,19,40,38,72,43,54,52,60,43,2,48,50,14,48,45,73,34,32,61,61,56,60,49,58,60,43,27,53,41,67,67,50,3,66,23,15,35,80,14,22,81,58,16,79
100,35,52,34,22,16,23,83,5,37,37,6,87,32,88,82,57,78,87,16,18,86,34,8,75,30,69,81,91,94,79,60,65,59,61,51,72,48,40,39,35,50,90,56,5,5,41,37,38,40,42,45,10,16,55,77,50,30,9,68,71,41,35,43,62,45,87,35,55,68,5,39,80,97,95,67,98,14,99,54,24,44,98,78,91,70,47,44,11,97,44,87,53,47,42,19,34,52,7,80
3,58,52,53,14,72,55,82,96,100,70,39,53,39,38,100,80,19,2,21,59,6,86,24,59,76,34,55,64,76,34,98,40,60,58,79,65,24,34,10,39,64,60,23,30,87,73,58,94,73,58,57,64,44,75,26,39,58,34,50,37,62,80,70,4,80,66,40,9,49,51,32,7,67,65,68,70,13,34,52,23,64,45,23,69,5,54,62,69,77,20,60,63,50,90,49,95,9,55,87
62,2,63,90,67,92,4,37,15,42,50,41,65,39,53,23,24,32,33,59,88,7,51,37,70,54,94,60,14,11,99,19,83,51,79,56,19,82,42,50,81,14,0,78,90,77,28,52,62,100,25,89,43,53,1,97,63,37,58,15,52,14,44,87,79,43,30,49,51,80,2,31,48,53,24,56,12,39,3,41,27,41,99,66,17,65,7,57,85,10,24,79,94,51,54,32,38,61,55,50
50,16,44,46,50,79,74,60,92,46,69,6,62,39,77,2,49,25,41,82,43,53,17,24,52,43,86,53,36,36,28,43,48,92,55,50,56,61,69,8,42,44,29,16,55,31,57,65,90,27,99,77,79,13,57,44,60,80,88,66,6,26,28,44,35,20,4,23,89,32,2,35,88,12,32,59,71,60,66,45,34,89,4,97,63,36,57,92,47,44,65,10,56,59,59,60,96,36,11,46
9,10,96,14,87,23,42,60,18,76,54,19,30,84,26,66,49,33,53,31,73,61,50,2,33,81,87,18,44,29,32,73,49,75,35,92,70,85,45,79,51,23,75,34,70,64,9,70,48,42,6,69,11,23,60,98,49,66,28,32,69,43,96,79,42,6,51,37,54,67,25,45,79,48,58,0,82,81,57,93,99,33,70,80,54,9,10,37,29,69,30,15,54,32,70,54,38,23,70,73
33,42,70,7,58,44,27,70,17,69,64,47,45,89,8,11,41,81,45,48,27,48,70,45,70,34,43,37,96,81,36,32,45,52,28,55,34,62,47,90,53,38,75,98,28,73,46,86,23,46,28,51,51,59,35,24,67,6,21,10,46,42,61,13,84,55,99,87,54,76,15,3,29,27,43,36,58,7,53,31,55,92,20,56,53,35,67,30,40,0,60,26,94,35,36,18,51,36,63,51
55,74,10,27,33,36,25,72,78,78,87,72,55,70,61,68,84,64,78,57,12,57,31,88,50,7,20,39,43,14,43,56,96,87,69,74,19,95,36,55,58,73,59,52,14,39,74,45,48,28,21,2,48,86,23,59,33,61,88,24,80,48,73,77,41,60,12,38,54,71,56,18,32,73,87,41,67,94,56,79,2,59,15,76,39,87,98,13,52,68,86,36,66,27,53,69,30,14,78,58
20,59,34,73,4,70,25,58,55,26,21,68,6,37,63,51,69,32,80,97,59,9,95,24,14,34,12,31,93,86,90,31,19,10,56,78,7,45,33,54,27,96,93,67,68,50,42,66,24,11,89,52,45,67,39,53,13,68,55,87,33,57,12,73,45,56,56,12,49,72,44,62,44,74,91,49,71,61,63,46,76,26,44,40,41,17,56,99,78,91,94,40,97,90,32,32,72,41,94,97
48,53,50,42,57,89,54,100,36,48,3,49,78,63,61,21,61,66,27,0,58,41,41,54,58,34,93,98,48,44,36,52,48,58,89,91,38,40,27,57,67,49,20,5,15,61,25,44,7,41,24,29,80,9,87,58,20,26,58,57,54,90,72,69,33,32,36,34,5,52,67,57,33,23,38,64,55,49,42,47,23,56,7,52,49,72,11,4,80,98,66,69,59,80,77,34,64,76,9,85
52,40,42,69,47,66,71,19,51,68,12,52,85,92,37,32,52,100,56,13,62,42,43,93,75,100,57,28,46,49,71,54,9,91,51,70,83,58,58,68,81,36,26,94,70,20,59,28,64,34,79,20,53,57,64,41,2,68,7,99,52,53,37,78,32,87,90,53,69,26,12,42,84,69,8,64,33,54,33,6,62,57,63,66,38,71,29,18,45,44,66,68,56,7,20,55,55,38,2,40
53,48,17,4,75,98,59,91,77,12,45,64,33,7,77,51,89,13,34,26,81,54,97,11,68,30,87,23,4,11,38,73,69,33,75,84,69,45,80,61,61,49,85,76,49,86,8,57,36,86,54,58,60,59,39,38,49,81,84,79,74,57,34,0,20,21,64,25,70,42,59,21,76,37,17,14,23,78,48,68,17,13,81,80,86,55,97,42,40,90,95,55,38,11,52,23,49,66,54,46
23,54,95,17,95,45,45,22,81,85,15,72,65,72,46,33,84,97,98,31,9,35,39,57,59,62,3,58,61,68,50,89,50,67,36,41,62,65,99,69,50,77,6,22,81,59,12,64,49,48,48,24,98,76,68,32,19,54,72,40,53,42,26,42,21,94,19,25,57,37,28,6,49,54,42,71,44,19,82,35,73,21,73,5,49,57,85,92,33,8,43,64,24,33,57,56,50,7,45,24
55,98,44,41,68,64,37,36,99,74,4,82,74,58,64,12,80,56,52,28,41,32,30,73,5,16,20,36,49,69,21,3,100,45,61,68,61,15,8,56,46,92,13,33,11,34,25,43,19,93,95,31,83,54,38,33,58,47,52,52,44,86,75,27,56,52,13,33,55,27,52,80,59,62,35,98,94,80,35,97,52,62,7,40,27,78,60,10,32,79,39,43,70,68,78,69,13,63,97,53
81,46,35,49,94,43,12,17,16,59,46,55,63,45,44,42,54,66,31,65,34,49,14,85,83,67,41,80,53,35,2,67,53,74,76,56,83,32,99,57,68,44,41,4,53,60,67,16,34,67,57,54,38,88,84,12,74,40,77,57,13,88,60,35,73,51,29,56,24,71,67,60,69,51,43,65,13,24,47,9,67,6,37,96,82,86,58,58,43,67,96,91,21,13,77,15,76,8,25,39
96,79,38,70,53,21,52,53,52,75,20,55,30,63,42,65,40,38,45,40,51,51,14,36,84,38,52,14,33,24,48,51,44,28,52,74,57,73,34,90,15,57,91,53,34,65,49,41,61,95,73,80,31,69,52,88,47,15,37,46,55,5,47,77,55,25,54,39,96,33,63,41,12,40,13,55,40,37,65,30,49,17,38,60,68,69,68,34,72,34,67,44,19,37,77,23,43,13,60,24
42,87,54,55,56,5,68,51,39,51,54,7,57,69,41,66,25,20,54,46,60,67,76,90,94,67,41,87,57,87,45,89,86,52,49,58,38,50,97,5,32,56,5,49,79,100,62,48,47,61,63,34,52,51,37,86,55,59,41,35,59,19,4,46,54,81,64,38,78,70,53,40,79,3,98,74,19,25,24,72,3,87,86,33,37,32,50,61,91,57,40,94,69,41,86,51,12,63,40,58
19,34,80,40,56,55,18,84,2,100,68,43,48,50,54,56,49,49,44,47,65,78,23,63,49,27,54,89,92,63,51,62,38,43,12,34,52,97,27,50,63,43,43,96,57,84,78,0,59,67,40,42,92,45,40,40,14,100,33,21,59,56,22,81,80,39,72,45,32,67,97,55,49,52,2,83,46,48,44,76,12,82,100,55,51,42,7,60,38,44,37,53,44,33,70,44,37,58,71,39
21,32,49,73,44,34,17,67,23,43,83,23,4,60,53,94,90,43,58,44,38,35,36,12,56,13,36,81,61,93,7,54,61,70,11,10,67,33,52,59,94,30,30,49,33,79,13,14,29,53,24,35,39,62,21,63,89,70,48,56,13,67,79,82,29,48,37,47,94,86,49,33,22,69,29,15,66,66,32,80,49,58,25,40,45,79,38,72,95,99,60,67,20,46,89,50,43,22,69,3
2,62,56,66,18,20,36,43,35,36,45,34,37,35,57,90,44,57,18,48,51,57,29,24,41,47,70,77,44,66,40,46,54,18,26,20,43,46,18,47,23,68,55,93,94,4,48,6,18,66,21,6,11,63,43,52,40,51,16,37,84,8,18,30,18,65,9,61,20,44,19,35,71,22,30,52,79,53,90,59,84,65,82,36,56,11,18,99,34,12,47,67,88,35,53,19,31,70,56,69
75,70,5,96,84,88,41,81,71,76,71,45,31,64,32,99,53,43,59,53,36,69,40,41,35,20,87,75,14,75,85,63,17,67,68,45,23,77,68,82,60,94,16,43,100,52,49,24,53,52,48,68,75,45,43,82,41,20,83,77,98,55,9,69,78,2,45,95,74,59,51,62,84,96,89,22,46,4,76,100,61,8,66,41,28,30,99,13,36,49,51,26,48,31,32,97,58,92,10,12
55,19,46,59,25,41,7,40,40,69,20,33,43,54,47,37,25,84,90,12,52,54,49,41,42,91,88,20,95,5,100,79,39,32,90,72,34,100,68,93,35,18,73,66,39,78,84,32,100,82,3,26,24,65,71,27,68,21,57,23,79,50,39,58,95,98,67,18,98,34,0,98,47,45,33,71,98,43,55,12,75,44,11,49,49,22,11,92,20,89,6,44,71,77,60,34,82,60,81,13
8,12,36,39,32,47,41,96,80,61,91,66,6,82,11,32,23,63,4,37,48,36,53,97,97,99,41,76,61,10,68,16,34,69,87,69,92,79,11,54,45,74,94,39,30,87,88,68,67,83,55,64,12,43,79,38,8,55,76,73,44,10,84,62,40,85,79,64,45,89,32,3,40,16,55,97,100,27,16,57,49,70,8,20,96,94,99,92,14,63,50,20,47,73,50,80,20,16,29,13
58,65,31,92,77,65,34,59,56,76,91,54,54,57,0,42,92,66,36,53,52,90,9,50,48,65,63,8,25,62,59,6,57,59,74,79,45,95,73,43,20,72,99,40,95,100,13,80,55,62,82,86,91,53,43,31,1,52,65,58,52,3,63,41,57,43,95,66,60,4,61,49,92,98,45,50,48,10,85,74,47,61,33,25,48,70,59,35,58,16,61,96,51,64,56,12,60,33,100,39
43,33,31,25,69,48,42,72,43,44,21,16,41,30,64,57,56,15,69,37,36,56,99,6,70,36,49,30,14,91,83,12,32,56,43,36,52,35,20,96,82,100,57,46,36,45,61,21,78,27,66,46,48,64,44,15,61,70,53,71,24,28,43,54,59,75,41,18,23,58,61,41,15,45,51,86,67,11,13,96,46,18,20,69,64,38,56,21,66,82,48,97,8,83,34,42,47,47,24,74
32,34,36,71,8,52,85,62,21,41,41,18,77,67,70,60,58,34,59,64,13,90,76,44,56,63,53,46,41,39,24,31,82,29,50,23,96,63,31,68,80,67,62,44,8,45,92,40,53,80,13,44,96,62,57,97,38,87,43,34,3,11,32,30,77,72,68,23,4,57,32,57,45,64,100,26,67,8,54,63,49,56,49,96,45,52,2,65,30,34,14,38,35,21,58,77,35,48,98,99
77,36,13,71,77,43,61,3,83,62,12,68,28,11,70,38,65,29,52,68,17,21,44,55,42,46,85,24,97,64,62,53,99,43,74,39,29,47,45,8,77,83,52,46,47,74,7,59,37,71,1,63,84,80,88,21,35,65,52,3,5,34,52,24,64,32,95,11,38,36,45,77,3,59,5,47,54,5,90,15,37,71,33,53,9,43,96,9,49,69,46,66,41,70,19,21,41,49,46,95
33,27,55,57,58,56,94,42,44,86,72,75,40,88,47,58,17,85,84,39,13,69,48,36,15,55,38,75,46,51,48,50,40,33,34,61,86,26,50,18,48,23,78,87,57,30,61,41,43,49,11,94,56,44,42,58,82,81,54,14,55,57,53,48,57,49,33,22,81,72,15,27,69,68,51,14,91,6,16,48,30,95,56,88,92,33,76,62,57,96,46,89,9,8,64,69,57,97,4,54
36,42,86,82,35,41,48,70,94,28,14,14,95,60,38,23,61,36,73,58,79,67,13,97,40,69,69,93,32,91,58,65,15,86,23,10,85,31,73,33,76,62,66,98,41,76,25,53,50,66,64,65,2,61,90,10,45,20,86,34,49,2,13,46,51,99,27,36,51,57,35,74,55,29,60,52,20,40,21,50,42,68,68,10,45,7,35,69,99,55,52,58,36,58,38,38,45,14,56,80
47,92,43,38,57,43,61,46,59,69,7,81,94,46,62,57,51,66,61,59,11,15,66,43,62,50,96,43,2,9,20,36,59,33,90,60,20,72,54,12,60,38,39,100,93,45,21,39,77,99,82,41,82,38,82,47,41,57,68,12,69,9,83,33,27,7,46,96,10,44,89,50,44,93,62,45,27,73,74,48,25,47,41,58,91,45,52,61,40,58,46,87,45,50,78,51,51,36,46,97
54,65,20,39,72,38,53,3,85,35,27,46,63,47,80,4,69,65,62,52,54,65,62,39,50,5,85,45,15,68,33,26,33,81,68,38,85,13,59,55,39,36,93,95,21,50,40,80,41,31,29,95,70,35,72,5,47,48,12,98,36,31,95,92,53,2,41,85,55,14,55,48,27,48,29,54,4,11,51,83,77,28,95,27,24,54,20,68,55,21,60,63,43,69,52,28,33,43,96,51
39,39,41,18,56,4,79,17,45,45,57,22,17,46,64,82,50,34,83,9,93,0,58,23,86,56,52,90,56,6,21,56,2,67,62,51,98,46,59,70,41,15,60,91,70,46,35,47,89,51,60,59,76,15,55,1,47,57,54,26,80,32,40,55,58,37,55,72,59,92,40,35,70,10,5,50,67,76,74,64,80,97,24,65,45,44,90,65,41,40,52,34,78,48,22,30,34,40,64,58
51,33,56,31,37,86,36,57,46,74,66,3,30,77,20,93,63,90,68,68,70,76,77,60,29,38,7,97,68,77,91,81,65,60,53,93,12,32,94,89,40,39,89,18,30,39,65,92,61,51,47,9,86,25,54,28,74,17,95,5,29,79,70,82,77,79,84,68,72,84,44,76,98,8,25,76,51,100,79,42,8,57,35,83,41,93,7,35,32,79,42,100,50,40,60,58,27,36,68,80
63,56,70,47,9,2,46,73,72,21,59,46,47,40,35,82,36,54,69,66,30,58,35,43,36,50,84,96,68,69,78,86,8,12,64,73,11,2,4,54,6,4,48,27,37,37,61,81,16,51,85,34,39,93,53,64,62,84,41,89,90,72,6,44,51,5,68,100,80,11,15,66,3,76,87,100,5,50,80,70,32,55,91,11,23,99,62,5,16,65,2,71,44,23,64,63,88,67,43,23
10,88,91,2,36,61,94,2,98,71,91,52,17,71,72,38,54,20,38,81,15,76,59,34,17,41,47,58,13,80,29,42,50,25,0,22,26,17,35,87,23,70,36,49,26,39,91,11,25,93,31,37,84,26,39,42,23,49,54,46,80,1,52,33,82,80,14,46,34,37,29,92,29,69,66,68,22,66,90,37,33,10,33,94,5,47,7,25,41,65,43,97,82,37,4,48,90,5,62,59
77,51,40,61,95,74,57,62,9,4,33,6,37,50,84,39,38,44,53,27,45,93,58,79,25,33,43,58,95,0,15,41,44,2,0,85,81,47,64,61,11,54,26,53,96,14,28,51,43,42,86,78,40,17,3,49,62,77,44,69,20,18,67,47,19,70,48,83,20,78,62,54,65,78,25,30,17,46,48,26,43,97,95,20,96,60,16,55,17,84,15,45,47,76,78,65,58,54,15,70
58,48,71,95,27,13,40,59,53,65,92,40,20,37,6,13,95,77,55,53,56,45,30,91,17,67,17,4,58,92,68,35,50,21,1,68,49,61,87,84,64,44,38,26,16,70,25,45,2,28,10,60,36,65,43,55,63,1,12,4,68,48,60,11,37,34,96,60,38,93,64,83,22,69,98,95,22,44,96,74,91,15,49,23,18,59,82,25,57,25,96,5,78,61,41,81,75,70,85,67
49,53,2,21,92,58,81,98,10,78,35,95,52,59,31,94,27,43,77,15,55,74,96,61,17,84,46,61,92,29,67,21,70,34,60,35,34,70,37,56,44,58,33,49,43,45,34,100,72,64,66,49,4,53,90,46,53,61,25,53,66,45,67,41,46,66,49,8,70,55,78,62,42,11,79,26,56,83,18,58,57,80,44,22,12,15,18,46,31,69,55,50,66,35,64,68,66,62,69,51
34,66,35,65,72,35,55,25,58,32,45,23,57,43,55,63,42,100,56,28,49,64,20,46,60,74,9,41,76,53,40,17,13,10,19,49,33,54,47,36,20,42,49,55,44,69,38,35,35,32,92,11,85,36,71,52,66,76,42,83,91,17,81,73,50,38,67,4,8,66,61,48,67,44,37,49,44,70,37,49,66,61,41,89,40,38,59,46,34,95,32,56,92,93,52,63,75,41,27,69
56,35,45,44,44,51,98,19,100,61,53,89,30,48,36,35,2,22,39,90,84,12,57,57,75,67,95,5,23,74,63,72,84,54,36,43,59,5,62,79,59,73,73,79,97,65,6,41,0,48,12,71,60,45,9,56,11,96,44,32,46,36,98,9,76,11,37,81,37,38,46,19,5,65,87,5,6,68,62,36,7,61,8,39,69,83,45,46,34,81,56,32,100,50,75,61,10,69,85,42
85,43,30,6,91,44,10,62,71,32,32,62,54,6,28,98,53,24,57,5,48,36,54,56,56,66,63,38,55,97,96,33,2,90,36,61,58,80,37,0,71,67,26,88,85,79,37,83,44,73,13,44,83,3,14,38,46,90,56,59,55,61,71,21,58,22,51,53,50,51,85,98,55,66,14,38,29,49,80,83,99,43,94,50,65,61,33,62,72,0,50,35,12,99,47,28,16,41,67,48
91,25,97,47,43,74,42,54,2,90,36,32,55,8,81,55,70,42,42,22,52,53,4,30,66,94,22,42,25,45,70,26,65,36,87,27,32,20,48,56,28,64,56,9,76,20,47,74,37,35,69,44,58,93,25,58,60,42,64,75,53,19,2,32,20,51,52,72,38,68,42,98,10,22,37,25,55,80,53,69,26,58,99,68,53,88,50,75,33,8,32,89,81,61,10,53,100,48,35,63
72,91,43,36,28,89,47,32,54,34,42,92,72,66,8,74,60,9,35,12,20,95,58,73,79,4,82,96,97,29,6,8,12,62,72,71,78,3,34,92,77,40,65,23,11,98,18,74,8,79,36,40,37,2,37,58,64,11,78,53,33,2,88,9,7,80,41,72,74,41,61,76,41,33,70,63,36,61,4,75,47,53,23,61,42,61,54,99,97,46,67,47,28,52,90,41,50,41,67,36
9,48,7,21,69,88,65,96,80,59,10,92,42,80,2,43,62,93,63,72,53,53,68,58,43,12,81,97,39,38,37,40,61,30,56,46,90,83,82,68,40,42,36,77,86,14,91,44,16,88,53,46,20,72,77,90,76,55,34,68,41,4,12,32,80,7,73,57,52,41,40,48,15,75,37,0,36,31,27,41,43,32,40,78,64,21,59,76,58,46,59,84,76,9,49,50,47,15,48,38
71,82,74,13,32,37,100,44,11,53,53,74,52,22,36,45,46,65,17,45,73,28,10,14,79,28,33,71,48,37,36,53,50,77,19,39,69,81,62,24,33,14,68,37,52,20,69,37,82,62,34,26,60,84,31,53,100,52,11,92,57,60,33,40,43,54,9,74,89,91,64,34,15,31,18,63,98,64,51,67,35,78,44,42,46,21,29,51,76,40,19,38,17,7,29,5,7,49,79,70
55,34,37,65,67,41,46,47,17,83,20,96,60,38,18,98,11,51,81,64,24,35,87,36,58,78,73,38,38,36,71,26,87,32,81,45,26,64,36,2,46,97,49,22,51,88,32,90,23,62,3,7,43,64,57,36,55,10,67,39,41,98,77,55,69,50,30,50,7,50,55,81,30,53,75,50,27,56,69,90,35,36,59,87,57,62,68,40,59,53,41,55,52,36,19,32,72,32,72,32
5,49,59,93,43,47,63,7,88,8,93,51,34,90,45,38,81,69,60,82,92,94,37,31,39,49,82,83,68,66,64,21,37,25,34,55,77,46,30,43,69,49,10,38,69,53,56,83,26,43,38,33,46,59,88,12,6,55,32,9,68,63,44,49,27,46,56,58,6,57,72,81,44,53,96,51,13,92,8,16,36,87,30,53,40,13,60,71,49,4,66,99,78,45,42,45,12,37,58,54
57,29,16,16,50,12,54,62,69,29,47,25,8,53,65,68,5,52,71,92,33,41,62,48,88,31,59,34,74,96,49,11,67,87,57,51,93,77,48,2,53,7,5,37,69,9,22,11,60,68,3,30,33,35,10,97,52,29,57,58,94,65,67,53,6,55,47,25,37,71,33,8,92,61,96,46,88,87,44,32,59,53,94,37,65,13,44,2,27,56,34,24,68,9,47,47,62,23,77,14
48,64,90,98,56,65,55,2,40,87,83,79,33,61,65,57,39,56,51,38,34,53,67,58,53,94,48,54,68,61,22,42,26,60,75,48,53,80,50,17,53,45,53,46,54,63,14,54,6,65,71,38,24,25,86,7,12,46,63,58,98,13,44,61,34,89,47,57,48,39,85,49,66,30,14,75,53,50,52,99,46,45,75,56,69,28,34,78,96,95,40,9,77,36,62,82,74,37,33,71
53,34,60,9,66,32,46,5,99,9,78,87,70,43,37,52,32,42,57,92,49,46,48,54,66,76,43,99,52,53,53,85,47,60,99,7,81,82,56,14,22,49,12,47,63,21,89,45,68,79,49,7,15,52,53,63,40,27,93,81,7,64,70,11,62,59,100,54,67,37,91,54,86,97,55,77,45,76,34,29,8,26,39,58,93,89,39,7,93,74,7,10,68,36,80,58,3,28,46,69
18,55,86,95,51,74,18,96,7,14,60,0,50,54,34,55,16,37,97,51,84,34,61,46,93,36,21,37,59,58,69,49,79,16,65,33,54,57,41,45,68,4,86,80,9,97,71,32,2,75,47,24,84,70,7,54,63,57,69,66,100,51,47,24,49,12,34,64,9,33,45,33,53,95,97,4,79,88,61,66,37,67,27,90,36,8,58,33,37,91,66,4,63,76,52,88,81,12,68,69
44,41,6,76,37,37,74,41,52,10,95,39,75,84,41,50,70,58,100,47,70,6,2,37,80,94,66,98,53,15,21,64,75,43,22,20,26,9,99,78,17,33,19,61,0,37,27,54,81,58,68,47,51,19,42,13,59,74,68,40,76,91,67,9,38,73,39,83,33,82,53,43,18,10,70,65,13,56,38,38,48,10,2,53,47,73,82,88,89,46,52,5,61,63,54,67,16,78,84,22
59,85,36,59,95,63,96,62,73,83,61,36,44,24,37,86,29,50,17,39,92,72,63,20,25,7,26,100,58,54,26,74,23,83,81,44,82,21,69,70,9,4,70,61,53,5,72,93,16,56,34,60,100,40,53,67,44,39,44,83,60,67,44,50,8,64,95,58,40,65,16,75,39,57,60,45,50,65,52,59,12,95,41,74,42,55,61,96,81,91,45,25,57,83,35,28,8,44,58,28
73,98,14,64,52,4,20,93,47,64,21,7,47,58,75,33,44,95,45,75,100,61,96,42,100,72,61,58,30,34,34,19,85,49,67,40,44,85,84,97,69,53,77,33,44,57,21,25,34,83,52,30,39,67,70,83,48,54,55,16,4,40,81,90,35,45,20,5,24,43,33,86,55,66,69,59,18,13,54,44,68,98,7,7,45,97,99,35,45,67,88,38,49,80,8,33,41,35,72,9
51,11,69,45,88,80,91,22,52,74,82,3,68,83,96,30,74,40,38,52,76,52,40,41,69,75,74,38,56,36,55,50,2,1,57,48,15,55,97,59,35,39,15,37,34,9,1,55,10,68,97,40,61,67,56,36,83,95,17,33,42,92,38,53,92,8,88,82,45,47,90,28,17,57,90,44,99,59,43,57,47,87,7,91,55,36,86,52,28,77,43,59,35,59,93,10,45,63,25,74
95,75,14,69,38,38,36,98,39,18,32,32,57,74,49,64,59,61,52,30,16,79,43,79,64,77,62,7,42,49,55,61,42,47,12,57,26,49,55,23,97,31,89,48,28,54,87,25,42,20,50,30,16,29,28,75,7,64,95,67,12,54,78,5,94,9,96,14,25,50,82,49,74,12,4,42,47,33,71,42,84,6,86,82,48,41,50,63,54,67,47,48,34,73,39,89,50,73,12,57
83,6,55,42,68,19,62,13,42,62,17,62,52,29,70,49,81,90,5,59,23,60,49,38,91,81,69,36,10,80,74,96,98,87,3,30,99,57,2,97,39,73,50,22,91,61,45,56,43,14,87,43,9,62,68,59,70,70,89,45,57,57,40,81,48,46,93,37,36,30,6,55,21,35,70,52,63,61,62,69,55,84,60,36,28,93,96,65,56,28,36,76,70,79,70,42,9,94,74,70
22,6,98,34,25,67,12,39,48,88,91,79,43,65,75,70,69,68,39,57,38,60,16,71,24,76,36,22,32,53,82,12,63,62,37,81,72,64,20,94,5,57,84,43,21,67,44,69,4,69,70,45,65,77,76,58,65,84,70,70,48,51,69,29,49,3,66,81,12,53,28,100,27,78,70,16,39,92,21,21,99,87,45,56,36,37,24,29,69,54,80,70,48,58,81,69,31,41,80,98
58,25,48,2,44,70,45,79,12,69,18,10,26,43,81,4,46,87,30,75,82,34,97,61,44,68,42,6,44,41,63,62,11,73,56,20,60,60,55,79,59,42,79,53,8,90,91,49,73,87,2,67,76,17,65,29,26,94,14,4,61,54,62,68,61,70,86,24,0,61,99,52,63,11,43,54,41,79,67,4,46,41,12,92,21,51,31,46,59,48,73,68,7,46,23,47,95,48,70,48
13,46,21,51,95,64,19,72,46,92,57,78,91,10,35,62,38,63,44,13,15,59,89,96,76,69,5,64,47,46,62,59,6,99,3,51,34,35,11,54,48,63,40,99,70,1,80,5,60,49,99,32,61,2,46,56,40,40,44,33,47,50,41,83,46,97,18,48,61,67,58,33,43,89,89,93,39,26,69,64,47,85,47,96,24,13,5,11,49,44,58,73,90,59,56,86,62,70,84,59
58,26,57,52,10,38,47,14,17,57,49,47,50,67,12,17,76,32,97,55,47,52,78,32,71,22,74,60,68,61,60,47,63,23,58,30,35,25,17,30,23,53,49,70,11,99,27,97,79,57,87,58,46,19,95,4,26,84,35,46,50,49,65,32,83,17,81,59,64,43,58,5,31,13,38,20,42,81,48,62,48,41,44,54,28,79,71,49,67,22,85,2,34,50,97,40,50,42,37,65
14,73,25,32,56,54,15,87,66,31,59,45,76,65,48,10,29,20,49,15,15,61,27,98,55,57,20,83,15,40,34,61,85,16,98,61,93,42,42,74,86,52,92,58,91,87,9,37,21,85,21,59,13,40,45,63,9,68,41,6,82,71,35,40,42,4,56,31,89,63,58,9,8,92,24,52,35,62,6,15,41,59,99,41,57,31,40,37,63,51,42,69,19,97,63,82,13,28,62,77
79,37,99,18,80,50,54,3,94,70,70,52,35,32,82,55,55,18,3,57,45,4,28,52,23,59,27,54,31,43,17,40,22,94,21,27,8,84,4,99,24,69,66,45,41,70,66,49,62,51,42,48,55,29,92,44,69,57,56,40,83,65,66,52,4,51,29,69,68,80,36,12,63,34,70,52,58,40,84,78,41,82,35,88,60,30,16,46,85,33,58,74,69,80,54,32,35,63,78,39
35,98,2,49,20,92,97,66,63,54,84,33,93,17,23,43,83,59,48,36,98,47,22,61,92,34,4,43,57,63,40,48,92,31,81,37,51,79,10,41,44,50,33,88,61,43,67,35,33,39,29,10,32,59,33,57,81,54,34,13,81,22,41,36,60,41,66,1,23,51,92,37,53,70,35,54,96,51,29,37,51,69,78,80,67,69,4,54,44,56,11,53,47,86,23,33,12,50,52,33
28,44,31,71,41,13,51,35,23,53,3,33,88,79,43,70,49,58,0,99,70,30,87,81,100,55,70,64,96,88,9,28,10,16,52,64,68,21,23,51,64,70,31,59,100,5,67,8,62,82,62,47,62,77,95,86,21,70,51,15,23,37,61,80,56,58,90,54,40,57,57,70,70,68,33,84,46,71,57,28,89,4,92,23,83,7,66,32,49,81,58,84,80,25,29,91,76,33,16,72
88,17,9,34,51,23,31,55,49,42,40,70,61,51,59,60,41,43,78,26,35,85,97,32,66,77,51,48,18,69,17,71,86,56,30,36,18,40,47,68,89,95,51,95,58,82,74,99,69,26,25,64,15,42,80,88,3,90,43,25,57,35,6,55,90,91,34,69,86,80,59,19,20,84,6,90,4,30,67,93,47,66,51,37,42,59,100,69,36,82,71,9,15,66,63,50,28,3,78,40
30,30,95,61,65,33,29,34,77,26,29,17,43,26,56,5,25,86,22,27,46,41,26,85,27,70,12,56,3,39,1,19,38,1,71,53,54,43,4,44,20,54,16,67,49,25,61,77,44,46,26,71,86,95,24,92,18,2,13,88,35,81,26,34,58,97,96,21,30,83,29,70,58,30,58,83,66,33,75,39,51,81,4,45,34,92,36,68,21,83,50,66,86,57,35,96,46,53,3,93
87,81,18,52,74,47,33,34,48,58,80,88,40,60,87,44,34,34,40,68,89,90,100,13,4,70,59,77,56,45,88,62,99,67,18,32,22,12,15,45,34,54,19,81,71,34,36,6,57,45,52,21,60,41,36,67,42,54,10,59,88,83,89,100,61,13,4,94,97,55,85,75,50,52,82,45,28,47,66,20,41,62,5,20,87,28,22,38,90,10,67,23,59,9,48,10,43,75,7,18
47,41,57,33,58,36,18,47,62,74,54,70,60,61,27,30,59,46,93,43,72,84,6,70,41,41,64,42,45,25,77,58,53,75,77,72,57,57,31,34,26,74,30,90,37,54,49,69,60,2,22,77,26,34,66,37,23,67,92,63,30,42,89,30,96,48,53,40,52,27,53,52,29,75,75,18,63,16,80,35,15,61,38,54,57,35,55,39,34,67,87,85,44,99,57,44,94,10,54,47
25,93,52,70,100,52,68,82,27,17,58,38,23,67,38,22,35,43,47,18,81,39,50,68,92,18,96,48,25,54,27,33,25,87,44,95,71,65,39,85,29,17,24,95,47,13,25,24,9,88,52,90,57,70,93,50,59,46,87,66,35,86,7,13,16,47,40,5,38,53,36,68,58,84,56,93,88,12,41,51,48,69,25,63,96,69,48,59,92,46,66,59,51,50,20,59,17,95,52,83
71,19,42,63,56,44,34,43,19,90,35,66,76,79,99,12,70,56,62,52,18,68,54,63,33,83,41,42,43,41,40,45,86,33,47,64,30,8,45,14,47,29,73,83,18,33,33,45,7,6,26,10,65,9,45,58,92,17,86,61,66,85,14,70,59,75,22,61,20,98,43,34,13,42,40,2,42,13,12,56,36,18,85,22,54,61,93,28,32,9,6,6,23,58,59,89,82,49,94,13
91,53,37,55,26,52,17,55,51,38,33,64,18,56,11,67,53,69,58,34,9,81,51,2,96,24,24,56,53,16,11,68,51,89,56,82,57,77,31,30,69,45,31,33,90,100,6,70,98,41,40,23,28,97,38,78,56,51,7,39,7,98,12,47,31,32,29,45,18,1,27,50,13,15,21,51,58,46,55,7,56,36,37,57,78,71,7,97,9,19,72,20,99,13,24,18,89,91,20,78
45,62,87,9,68,23,67,59,59,90,4,41,67,41,45,99,51,23,72,30,32,58,3,87,21,18,20,41,40,39,17,46,53,61,25,9,56,23,7,45,97,3,41,18,51,61,32,68,95,38,45,16,71,66,4,26,43,8,23,49,38,98,46,67,87,86,91,73,76,37,85,57,23,61,50,20,46,60,7,61,50,93,91,4,29,82,94,33,48,71,11,43,11,86,96,66,15,17,32,93
55,67,44,97,79,34,99,34,7,62,68,31,35,92,50,30,45,51,67,13,48,11,94,67,49,54,59,72,81,82,54,7,52,41,59,12,69,88,22,92,11,33,31,95,22,35,8,30,68,36,42,19,4,17,35,69,5,68,56,100,44,53,62,50,12,83,71,93,48,65,37,89,5,15,10,53,12,68,7,39,14,99,14,26,39,49,57,51,79,41,77,6,45,13,50,80,5,49,41,68
73,79,91,70,70,27,61,14,0,9,66,82,64,41,37,56,50,37,35,3,65,16,64,65,15,22,81,94,30,100,92,21,86,66,49,7,59,35,56,67,41,46,54,40,59,87,38,59,49,41,68,50,87,16,50,70,45,17,28,81,53,83,33,14,58,8,62,69,77,9,95,79,71,39,69,40,56,11,92,14,36,40,10,70,16,11,68,10,56,99,66,70,54,13,58,74,84,56,46,51
1,56,48,78,91,48,63,19,89,42,83,60,2,46,48,19,19,99,14,89,98,39,59,87,83,78,74,77,84,12,95,86,31,33,40,40,92,64,29,63,6,37,42,77,60,50,54,52,52,59,36,53,32,15,81,46,86,41,15,40,20,3,58,13,19,54,55,24,7,14,73,75,18,63,32,91,75,77,64,71,29,55,20,50,32,59,61,60,78,71,69,34,82,82,27,59,44,41,49,71
74,66,66,32,29,72,48,65,65,61,99,95,41,43,28,53,88,27,84,33,55,96,78,58,76,56,33,41,60,51,19,67,53,81,15,47,97,11,40,33,71,52,9,40,48,55,38,38,67,50,92,43,50,40,41,52,11,34,86,9,45,60,79,69,44,100,67,65,1,75,33,67,45,81,0,13,48,55,8,67,85,29,87,64,0,70,31,12,71,20,34,5,91,27,36,52,50,64,63,31
52,62,63,38,11,56,50,39,99,29,2,65,59,59,12,84,91,63,34,79,18,50,41,82,88,49,55,44,0,81,35,41,12,62,62,92,41,58,80,34,90,19,46,59,95,44,55,63,41,49,84,66,46,35,43,45,75,73,75,99,76,54,35,96,32,60,52,43,44,53,65,20,44,55,47,61,56,50,42,68,96,90,45,38,43,50,82,86,31,96,19,87,79,48,45,36,31,63,51,37
44,66,67,6,60,65,10,55,14,6,48,59,9,46,51,19,91,55,64,56,94,58,77,94,45,28,69,13,32,31,97,9,94,71,83,2,46,62,41,55,63,24,65,8,29,45,56,3,55,37,99,79,66,100,15,41,11,95,60,97,54,84,30,22,3,15,59,56,95,83,91,29,58,55,4,41,36,60,61,75,43,56,46,24,70,43,37,57,30,27,26,53,43,86,67,81,65,44,44,100
55,11,50,41,37,6,33,36,6,31,99,17,44,35,65,70,94,86,94,34,37,91,94,11,69,91,21,81,91,84,56,70,66,94,39,55,17,27,34,70,49,2,66,57,34,54,67,79,2,55,28,32,45,86,96,51,15,42,42,92,81,54,63,57,48,28,19,56,55,11,39,46,68,68,96,43,50,100,31,18,57,83,87,44,34,1,53,49,14,37,21,29,64,92,11,53,8,93,75,31
41,19,53,62,96,97,31,21,52,69,84,58,83,13,97,31,65,55,32,31,7,40,75,91,60,51,94,45,65,69,35,52,16,86,31,65,91,47,39,19,39,10,65,26,13,24,51,4,31,89,58,36,5,52,31,37,28,51,38,82,33,56,80,40,20,88,52,70,93,63,61,8,89,50,38,10,46,100,84,41,17,57,43,88,24,46,51,11,94,59,76,37,83,32,10,32,50,57,11,22
25,36,17,35,43,34,60,42,47,91,46,61,98,76,71,43,55,55,97,76,23,83,44,65,23,34,57,29,36,78,44,43,19,95,33,44,47,89,52,51,11,43,90,25,84,34,68,32,16,38,48,87,56,84,98,82,52,39,20,69,36,37,55,76,55,15,56,37,32,83,70,54,46,48,33,45,61,12,62,12,76,65,53,18,25,41,70,93,78,68,25,39,11,79,52,62,59,20,22,96
24,61,25,79,90,81,64,64,31,64,37,59,77,62,48,14,62,93,16,15,11,80,8,67,24,59,68,91,25,72,32,45,78,32,64,56,45,80,67,61,24,97,57,99,48,93,25,77,48,41,59,99,54,24,39,49,7,27,25,64,57,43,50,90,53,15,61,51,38,66,41,65,22,22,33,51,92,63,47,61,56,37,45,33,50,29,44,26,62,34,59,39,53,60,51,60,93,4,37,35
44,55,10,69,84,26,96,55,61,26,52,21,46,82,69,32,68,97,83,11,33,30,9,45,74,82,98,40,19,34,30,98,33,14,45,73,49,24,31,56,29,53,55,9,3,30,56,99,57,99,59,2,21,66,96,46,40,38,95,27,69,20,25,99,77,38,48,36,7,59,35,14,55,47,66,39,66,59,28,51,70,57,44,10,49,41,62,77,92,68,45,21,43,34,87,62,2,66,59,31
60,27,70,8,47,54,42,66,43,35,12,57,38,17,34,77,64,59,89,58,33,42,12,12,78,39,50,98,32,47,16,39,42,56,11,90,43,36,20,77,98,85,22,78,92,49,77,85,32,8,97,38,68,73,50,24,54,68,64,27,16,57,67,30,55,43,63,47,24,37,88,24,44,41,83,42,28,42,82,18,31,42,67,36,31,37,67,4,86,46,93,92,96,20,49,86,6,78,77,98
76,8,97,42,82,85,27,73,84,38,42,45,2,99,38,53,17,3,100,80,22,52,55,36,87,22,20,36,10,96,34,97,88,90,46,74,56,12,10,61,72,44,42,92,51,16,50,36,43,25,82,58,41,47,46,42,99,10,82,59,57,89,95,67,46,71,68,71,40,40,59,18,63,49,62,56,39,96,84,61,7,45,94,18,48,26,94,41,30,82,47,11,85,36,16,42,49,68,32,43
10,90,59,31,61,33,54,41,7,37,22,62,41,48,54,90,68,29,25,66,76,87,8,25,52,15,95,36,10,55,54,16,61,89,61,62,41,47,70,36,56,49,49,12,24,61,53,12,79,54,41,32,41,91,8,21,51,8,37,37,38,80,84,41,52,53,12,56,61,53,10,31,36,45,29,23,68,46,41,94,25,85,98,17,39,5,6,52,18,44,62,22,59,73,88,16,32,23,87,79
45,50,43,15,71,41,77,37,76,90,50,13,36,38,72,18,88,31,57,79,33,42,43,63,99,62,54,53,80,65,35,1,69,39,96,3,53,24,3,15,45,59,100,34,73,35,43,61,43,46,44,92,8,79,24,11,11,84,67,43,71,3,93,77,35,61,38,34,89,45,47,66,26,35,66,99,21,89,40,79,63,31,49,96,11,57,19,70,50,18,100,43,49,46,97,75,96,41,44,59
90,25,43,59,70,48,14,53,23,60,66,83,59,25,41,33,65,53,50,55,17,83,16,30,36,73,32,23,97,57,51,51,60,99,66,14,49,52,54,51,35,52,63,77,88,48,10,56,22,43,11,41,32,57,18,32,46,68,69,12,81,45,68,12,34,83,63,54,15,25,22,41,40,28,93,49,38,81,48,56,70,19,57,64,71,26,57,14,10,36,39,30,53,42,35,24,83,64,76,34
