52,89,40,77,89,14,39,77,92,47,52,53,96,96,62,46,33,81,62,84,6,81,17,85,87,35,31,71,6,50,8,40,45,24,80,12,68,5,50,63,70,63,65,96,31,53,35,25,30,34,72,76,68,20,31,53,61,28,86,16,51,32,39,19,28,52,31,69,2,30,37,23,23,12,25,60,75,6,8,9,42,45,80,72,77,72,45,13,57,62,96,73,21,94,36,10,100,29,76,69
20,17,80,66,14,43,4,69,5,29,59,18,61,52,82,35,36,8,7,52,15,53,57,33,57,37,37,64,83,32,70,53,92,49,63,46,60,64,73,58,36,9,84,96,36,95,92,65,61,63,44,4,58,70,52,89,13,86,64,1,58,37,5,95,53,63,39,26,27,30,51,48,69,53,35,34,75,32,64,82,9,23,31,38,82,45,51,58,47,58,45,79,89,34,39,57,61,76,88,92
47,64,20,77,71,31,44,26,100,20,66,31,66,15,56,90,80,39,96,97,36,58,74,5,11,100,63,6,96,32,62,100,4,20,49,76,100,89,18,68,6,61,36,39,47,70,55,11,53,96,56,47,25,48,45,9,54,46,98,67,81,40,49,62,91,66,96,5,28,28,76,23,19,33,38,26,50,34,58,16,70,76,75,22,6,28,56,33,20,58,33,20,95,52,72,68,62,76,9,31
55,63,85,35,1,46,51,70,51,54,53,66,76,70,70,23,29,67,65,91,42,80,27,53,11,80,6,69,3,24,81,69,72,25,91,100,77,69,38,2,48,22,44,30,61,53,21,59,5,20,14,2,19,70,36,38,74,68,17,40,38,97,37,63,27,51,3,65,4,40,82,98,97,15,96,5,58,34,61,8,54,88,48,71,78,62,50,75,37,76,45,13,20,88,50,30,47,6,17,49
70,13,44,26,49,80,54,18,31,12,16,98,58,50,65,87,98,87,6,65,19,4,50,23,59,91,34,41,23,52,59,97,15,56,32,34,32,78,90,36,50,78,52,88,49,50,26,74,34,69,26,90,83,82,97,21,21,7,43,69,97,33,32,27,61,35,98,39,21,60,58,40,36,96,64,32,35,80,66,98,38,5,5,87,59,76,51,0,39,66,57,51,15,24,63,48,47,50,85,97
69,72,45,91,70,94,95,50,5,60,90,96,6,44,81,76,100,4,52,56,70,90,89,78,94,46,37,20,61,80,24,62,53,75,33,83,79,9,58,95,68,35,14,84,44,76,25,81,49,40,54,47,99,90,61,65,66,55,17,22,55,34,95,28,53,39,64,7,94,16,44,38,48,73,20,20,26,86,61,44,99,25,71,79,56,53,5,15,10,49,89,40,68,62,100,24,77,38,62,74
77,83,59,20,49,97,66,51,82,42,4,67,32,14,10,89,34,56,23,21,25,69,51,58,51,63,88,60,44,79,90,62,34,68,43,43,99,54,8,9,44,59,48,84,68,6,35,15,93,29,38,15,41,86,45,39,26,46,72,62,69,53,67,15,78,83,90,99,86,27,97,59,57,92,59,65,20,8,97,91,99,62,88,37,33,84,96,56,52,56,45,75,27,59,39,70,16,61,51,45
67,78,99,75,47,2,39,53,54,90,59,77,57,99,97,27,5,52,99,84,25,89,53,45,44,27,13,68,63,0,41,35,16,100,54,96,96,54,32,72,35,81,68,49,36,27,16,19,90,40,63,41,41,71,57,34,65,60,94,99,56,30,58,75,26,60,90,100,71,12,37,43,42,57,77,60,30,13,47,37,81,40,82,0,41,43,76,66,34,10,24,17,31,48,30,19,38,73,99,48
49,6,49,60,57,16,64,15,80,2,78,57,62,25,69,86,39,50,8,99,72,43,15,86,27,66,37,83,85,57,83,85,81,52,32,58,44,56,9,4,50,2,32,21,63,13,20,97,58,87,91,88,70,56,33,23,87,18,75,21,13,37,72,5,54,65,29,77,9,29,83,37,68,34,65,76,96,83,20,42,35,68,1,4,45,42,76,41,64,19,3,76,7,41,17,39,25,16,32,44
53,75,22,81,44,22,28,67,45,81,58,38,59,42,50,21,52,69,93,80,96,69,17,49,60,12,40,5,76,99,46,79,23,43,20,53,21,49,50,74,26,65,32,73,40,23,70,22,70,59,10,4,87,36,71,64,14,28,42,80,28,2,53,51,8,56,48,28,30,28,36,64,49,34,14,5,59,93,33,47,30,42,46,46,64,2,34,53,61,34,46,52,53,39,42,22,100,98,86,15
95,17,59,12,71,83,12,85,70,20,17,22,96,4,15,22,16,50,2,57,6,73,42,55,11,28,95,15,60,32,82,73,57,65,46,58,100,35,22,72,9,59,94,59,65,59,55,49,79,32,53,31,57,23,70,55,79,4,83,39,47,26,25,36,71,58,95,50,9,58,7,38,6,55,68,18,48,84,49,61,67,52,41,72,58,67,87,40,84,14,66,63,59,15,42,59,47,42,70,14
53,56,30,47,55,98,46,84,36,54,98,41,4,42,76,89,77,85,43,52,33,48,94,79,53,8,21,50,17,95,84,57,57,47,79,47,77,4,70,39,41,51,94,39,79,37,83,25,46,70,6,58,36,68,75,6,19,40,38,72,13,54,52,60,43,32,48,50,14,48,45,43,34,62,61,61,56,30,49,58,60,43,27,53,41,67,67,50,3,66,23,45,5,80,14,22,51,58,16,79
100,35,52,34,22,16,53,83,5,7,37,6,87,32,88,82,57,78,87,16,18,86,34,8,45,30,69,81,91,94,79,60,95,59,61,51,72,48,40,39,35,50,90,56,5,35,41,37,8,40,42,45,10,16,55,77,50,30,9,68,71,41,5,43,62,45,87,35,55,68,5,39,80,97,95,67,98,14,99,54,24,44,98,78,91,70,47,44,11,97,44,87,53,47,42,19,34,52,7,80
3,58,22,53,14,72,55,82,96,100,70,39,53,39,38,100,80,19,32,51,59,6,86,24,59,76,34,85,64,76,4,98,40,60,58,79,65,24,64,10,39,94,60,23,30,87,73,58,94,43,58,57,64,44,75,26,39,58,34,50,37,62,80,70,4,80,66,40,9,49,81,32,7,67,65,68,70,43,34,52,23,64,45,23,69,5,54,62,69,77,50,90,33,50,90,49,95,9,55,87
62,2,63,90,67,92,4,37,15,42,50,41,65,39,53,23,24,32,33,29,88,7,51,37,70,54,94,60,44,11,99,19,83,51,79,56,19,82,42,50,81,14,0,78,90,77,28,52,62,100,55,89,13,53,1,97,63,37,58,15,52,14,44,87,79,13,30,49,51,80,2,31,48,83,24,56,12,39,3,41,27,41,99,66,17,65,7,87,85,10,24,79,94,51,54,32,38,61,55,50
50,16,44,46,50,79,74,60,92,46,69,36,62,39,77,2,49,25,71,82,73,53,17,24,82,43,86,53,6,36,28,73,78,92,55,50,56,61,69,8,42,44,29,16,85,61,27,65,90,27,99,47,79,13,57,44,60,80,88,66,6,26,28,44,5,20,4,53,59,32,2,35,88,12,32,59,71,60,66,45,34,89,4,97,63,36,87,92,47,44,65,10,56,59,59,60,96,36,11,46
9,40,96,14,87,23,42,60,18,76,54,19,30,84,26,66,49,33,53,31,73,61,80,2,33,81,87,18,44,29,2,73,19,75,35,92,70,85,45,79,51,23,75,34,70,64,9,70,48,42,6,69,11,23,60,98,49,66,28,32,69,43,96,79,42,6,51,37,54,67,25,45,79,48,58,0,82,81,27,63,99,33,70,80,54,9,10,37,59,69,30,15,84,32,70,84,68,23,70,73
33,42,100,7,58,44,27,70,17,69,64,47,45,89,8,11,41,81,45,48,27,48,70,45,70,34,43,37,96,81,36,32,75,52,28,55,4,62,47,90,53,38,75,68,28,73,46,86,23,76,28,51,51,59,35,24,67,6,21,10,46,42,61,43,84,55,99,87,54,76,15,3,59,27,43,36,58,7,83,31,55,92,20,56,23,35,97,30,40,0,60,26,94,35,36,18,51,36,63,51
55,74,10,27,33,36,55,72,78,48,87,72,55,70,61,68,84,64,78,57,12,57,31,88,50,7,20,39,13,14,43,56,96,87,69,74,19,95,36,55,58,73,59,52,14,39,74,45,48,58,21,2,48,86,23,59,33,91,88,54,80,48,73,77,71,60,12,8,54,71,56,18,32,73,87,41,67,94,56,79,2,89,15,76,39,87,98,13,52,68,86,36,66,27,53,69,30,14,78,58
20,59,34,73,4,70,25,58,55,26,21,68,6,37,63,51,69,32,80,97,59,9,95,24,14,34,12,31,93,86,90,31,19,40,56,78,7,45,33,54,27,96,93,67,68,50,42,66,24,41,89,52,45,67,9,53,43,68,55,87,33,57,12,73,45,26,56,12,49,72,44,62,44,74,61,19,71,61,63,16,76,26,74,70,41,17,56,99,48,91,94,40,97,90,32,32,72,41,94,97
48,83,50,42,57,89,54,100,36,48,3,49,78,63,91,21,61,66,27,30,58,41,41,54,58,34,93,68,48,44,36,52,48,58,89,91,38,40,27,57,67,49,20,5,15,61,25,44,7,41,24,29,80,9,87,28,20,26,88,57,54,90,72,39,33,32,36,34,5,52,67,57,33,23,8,64,55,49,42,47,23,56,7,52,49,72,11,4,80,98,66,39,59,80,77,34,64,76,9,85
22,40,42,69,47,66,71,19,51,68,12,52,85,92,37,32,52,100,56,13,62,42,43,93,75,100,57,28,46,49,71,54,9,91,51,100,83,58,58,68,81,36,26,94,100,20,59,28,94,34,79,20,53,57,64,41,2,68,7,99,52,53,37,78,32,87,60,53,69,26,12,12,84,69,8,64,33,54,33,6,62,57,63,66,38,71,59,18,15,44,96,68,56,7,20,55,55,38,2,40
23,48,17,4,75,98,59,61,77,12,15,94,33,37,77,21,59,13,34,26,51,54,97,11,68,30,87,23,4,11,38,73,69,33,45,54,69,45,80,61,61,49,85,46,49,56,8,57,36,56,54,58,60,59,39,38,19,81,84,79,74,57,34,0,20,21,94,25,70,12,59,21,76,37,17,14,23,78,48,68,17,13,81,80,86,55,97,42,40,90,95,55,38,11,52,23,79,66,54,46
23,84,95,17,95,45,15,22,81,85,15,72,65,72,46,33,84,97,68,31,9,35,39,57,59,92,3,58,61,98,50,89,80,67,6,41,62,65,99,69,80,77,6,22,81,59,42,64,49,48,48,24,98,76,68,32,19,54,72,40,53,42,26,42,21,94,19,25,57,37,28,6,49,54,72,71,44,19,82,35,73,21,73,5,49,87,85,92,3,8,43,64,24,33,57,56,20,7,45,24
55,98,44,41,68,64,37,36,99,74,4,82,74,58,64,12,80,56,52,28,11,32,30,73,5,16,20,36,79,69,21,3,100,15,61,68,61,15,8,56,46,92,13,33,11,34,25,73,19,93,65,31,83,54,38,3,58,47,52,82,44,86,75,27,56,52,13,33,55,27,52,80,59,62,35,98,94,80,35,97,52,62,7,40,27,78,60,10,32,79,39,43,70,98,78,69,13,63,97,53
81,46,35,49,94,43,12,17,16,59,46,55,63,45,44,42,54,66,61,65,34,49,14,85,83,37,71,80,53,35,2,67,53,74,76,56,83,2,99,57,68,44,11,4,53,60,67,16,4,67,57,54,8,58,84,12,74,40,77,57,13,88,60,35,73,21,29,56,54,71,67,60,69,51,43,65,13,24,47,9,67,6,37,96,82,86,58,58,43,67,66,91,21,13,77,15,76,8,25,39
96,79,38,70,53,21,52,53,52,75,20,85,30,63,42,65,40,38,45,40,51,21,14,36,84,38,52,14,33,24,48,51,44,28,52,74,57,73,34,90,15,57,91,53,34,65,49,41,61,95,73,80,31,69,52,88,47,45,37,46,55,5,47,77,55,25,54,39,96,33,63,41,12,40,13,85,40,37,65,30,49,17,38,60,68,69,68,34,72,34,37,44,19,37,47,23,13,13,90,24
72,87,54,55,56,5,68,51,9,51,54,7,57,69,41,66,25,20,54,76,90,67,76,60,94,67,11,87,57,87,45,89,86,52,49,58,38,50,97,5,32,56,5,49,79,100,62,48,47,61,63,34,22,81,37,86,85,59,41,35,59,19,4,46,84,81,64,38,78,70,53,40,79,33,98,74,19,25,24,72,3,87,86,33,37,32,50,61,91,57,40,94,69,41,86,51,12,63,40,58
19,34,80,40,56,55,48,84,2,100,68,43,18,50,54,56,49,49,44,47,65,78,23,63,79,27,54,89,92,63,81,62,38,13,12,34,52,97,27,50,63,43,43,96,57,84,78,0,59,67,40,42,92,45,40,40,14,100,33,21,59,56,22,81,80,39,42,45,62,67,97,55,49,52,2,83,46,18,44,76,12,82,100,25,51,42,7,30,38,44,37,53,44,33,70,44,37,58,71,39
21,32,49,73,14,34,17,67,23,43,83,23,4,60,83,94,90,43,58,44,38,35,36,12,56,13,36,81,61,93,7,54,61,70,11,10,67,33,22,59,94,30,30,49,33,79,13,14,29,53,24,5,39,62,21,93,89,70,48,56,13,67,79,82,29,48,7,47,94,86,49,63,22,99,29,15,66,66,32,80,49,58,25,40,45,79,38,72,95,99,30,67,20,46,89,50,43,22,69,3
2,62,56,66,18,20,36,43,35,36,45,34,37,35,87,90,74,57,18,48,51,57,29,24,41,47,40,77,44,66,40,46,54,18,26,20,43,46,18,47,23,68,55,93,94,4,48,6,18,66,51,6,11,33,43,52,40,51,16,67,84,8,18,30,18,65,9,61,20,44,19,35,71,22,30,22,79,53,90,59,84,65,82,36,56,11,18,99,64,12,47,67,88,5,53,19,31,70,56,69
75,70,5,96,84,88,41,81,71,46,71,45,31,64,32,99,83,73,59,53,36,99,40,41,35,20,87,75,14,75,85,63,17,67,68,45,23,77,68,82,60,94,16,43,100,52,79,24,53,52,48,68,75,45,43,82,41,20,83,77,98,55,39,69,78,2,45,95,74,59,51,62,84,96,89,22,46,4,76,100,61,8,66,41,28,30,99,13,36,49,51,26,48,31,32,97,58,92,10,12
55,19,46,59,25,41,7,40,40,69,20,33,43,54,47,37,25,84,90,12,52,54,49,41,42,61,88,20,95,5,100,79,39,62,90,72,34,100,68,93,35,18,73,66,39,78,84,32,100,82,3,56,24,65,71,27,68,21,57,23,79,50,39,58,95,98,97,18,98,34,0,98,47,45,33,71,98,43,55,42,75,44,11,49,49,22,41,92,20,89,6,44,71,77,60,34,82,60,81,13
8,12,6,9,32,17,41,96,80,61,91,66,6,82,11,32,23,63,4,37,48,36,53,97,97,99,41,76,61,10,68,16,34,69,87,69,92,79,41,54,45,74,94,39,30,87,88,68,67,83,55,94,12,43,79,38,8,85,76,73,44,10,84,92,40,85,79,64,45,59,32,3,40,16,55,67,100,27,16,57,49,70,8,20,96,94,99,92,14,63,50,20,47,73,50,80,20,16,29,13
58,95,31,92,77,65,34,59,56,76,91,54,54,57,30,42,92,66,36,53,52,90,9,50,48,65,63,8,25,62,59,6,57,59,44,79,45,95,73,43,50,72,99,40,95,100,13,80,55,62,82,86,91,53,43,31,1,52,65,58,52,3,63,41,57,43,95,66,60,4,61,49,92,98,45,50,48,10,85,74,47,61,33,25,18,70,59,35,58,16,91,96,51,64,26,12,60,33,100,39
43,33,31,25,69,48,42,72,43,74,21,16,41,30,64,57,56,15,69,37,36,56,69,6,70,36,19,30,44,91,83,12,32,56,43,36,52,5,20,66,82,100,87,46,36,45,61,21,78,27,66,76,78,64,14,15,61,70,53,41,24,28,43,84,59,75,41,18,23,88,31,41,15,45,51,86,67,11,13,96,46,18,20,69,64,38,86,21,66,82,48,97,8,83,34,42,77,47,24,74
32,34,36,71,8,22,85,62,21,11,41,18,77,67,40,60,58,34,59,64,13,90,76,74,56,63,53,46,41,39,24,31,82,29,50,23,96,63,31,68,80,67,62,74,8,45,92,10,53,80,13,44,96,62,57,97,38,87,43,34,3,11,32,30,77,72,68,23,4,57,32,57,75,64,100,26,67,8,84,63,49,56,49,96,45,52,2,65,30,34,44,38,35,21,58,77,35,48,98,99
77,36,13,71,77,43,61,3,53,62,12,98,58,11,70,38,65,59,52,68,17,21,44,55,42,46,85,24,97,34,62,83,99,43,74,39,29,77,45,8,77,83,52,46,47,74,7,59,37,71,1,63,84,80,88,21,35,65,52,3,5,34,52,24,64,32,95,11,38,36,45,77,3,59,5,47,54,5,90,15,7,71,33,23,9,43,96,9,79,69,46,66,41,70,19,21,41,49,46,95
33,57,55,57,58,26,94,42,44,86,72,75,40,88,47,88,17,85,84,39,13,69,48,36,15,85,38,75,46,51,48,50,40,33,34,61,86,26,50,18,48,23,78,87,57,30,61,41,43,49,11,64,56,44,42,58,82,81,54,14,55,57,53,48,57,49,33,22,81,72,15,27,69,68,51,14,91,6,16,48,30,95,56,88,92,33,76,62,57,96,46,89,9,8,64,69,57,97,4,54
36,42,86,82,5,41,48,100,94,58,14,14,95,90,68,23,61,36,73,58,79,67,13,97,40,69,69,93,32,91,58,65,15,86,23,10,85,61,73,3,76,62,66,98,41,76,25,53,50,66,64,65,2,61,90,10,45,50,86,34,49,2,13,46,51,99,27,36,51,57,35,74,55,29,60,52,20,40,21,50,42,68,68,10,45,7,35,69,99,55,52,58,36,58,68,38,15,14,56,80
47,92,43,38,57,43,61,46,59,99,7,81,94,46,62,57,51,66,61,59,11,15,66,43,62,50,96,43,2,9,20,66,59,33,60,30,20,72,54,12,90,38,39,100,93,45,21,39,77,99,52,41,82,38,82,47,41,57,68,42,69,39,83,33,27,37,46,96,10,44,89,50,44,93,62,45,27,73,74,48,25,47,41,88,61,45,52,61,40,58,46,87,75,50,78,51,51,36,16,97
54,65,20,39,72,38,53,3,85,35,27,46,63,47,80,4,69,65,62,52,54,35,62,69,50,5,85,45,15,68,3,26,63,81,68,38,85,13,59,55,39,36,93,95,21,50,40,80,41,61,29,95,70,35,72,5,47,48,12,98,36,31,95,92,53,2,41,85,55,14,55,48,27,48,29,84,4,11,51,83,77,28,95,27,54,54,20,68,55,21,60,63,43,39,52,28,33,43,66,51
39,9,41,18,56,4,79,17,45,45,57,22,17,46,64,82,50,34,83,9,93,0,58,23,86,86,52,90,56,6,21,56,2,67,62,51,98,46,59,70,41,15,60,91,70,76,35,47,89,51,60,59,76,15,55,1,47,87,54,26,80,2,40,55,58,37,55,72,59,92,10,65,70,10,5,50,67,76,44,64,80,97,24,65,45,74,90,65,71,40,52,4,78,48,22,30,34,40,64,58
51,33,56,31,37,86,36,57,46,74,66,3,30,77,20,93,63,90,68,68,70,76,77,60,29,38,7,97,68,77,91,81,65,60,53,93,12,32,94,89,40,39,89,18,30,39,65,92,61,51,47,9,86,25,54,58,74,17,95,5,29,79,70,82,77,79,84,68,72,84,44,76,98,8,25,76,81,100,79,42,8,57,35,83,41,93,7,35,32,79,42,100,50,40,60,88,27,36,68,80
63,56,70,47,9,2,46,73,72,21,59,16,47,40,35,52,36,54,69,66,30,58,35,13,36,50,84,96,68,69,78,86,8,12,64,73,11,2,34,54,6,4,48,27,37,37,61,81,16,51,85,34,39,93,53,64,62,84,11,89,90,72,6,44,51,5,68,100,80,11,15,66,33,76,87,100,5,50,80,70,32,55,91,11,23,99,62,5,16,65,2,71,44,23,94,63,88,67,43,23
10,88,91,2,36,61,94,2,68,71,91,22,17,71,72,38,54,20,38,81,15,76,59,34,17,41,47,58,13,80,29,42,50,25,0,22,26,17,35,87,53,70,36,49,26,39,91,11,25,93,31,7,84,26,39,42,23,49,54,46,80,1,52,33,82,80,14,46,34,37,29,92,29,69,66,68,22,96,90,37,33,10,33,94,5,47,7,25,41,65,43,97,82,37,4,48,90,5,62,59
77,51,40,61,95,74,57,62,9,4,33,6,37,50,84,39,8,44,53,27,45,93,58,79,25,3,43,58,95,0,15,41,44,2,0,85,81,47,64,61,11,54,56,53,96,14,28,81,43,72,86,48,40,17,33,49,62,77,14,69,20,18,67,47,19,70,48,83,20,78,62,54,95,78,25,30,17,16,48,26,43,67,95,20,96,90,16,55,17,84,15,45,47,76,78,65,58,54,15,70
58,48,71,95,27,13,40,59,23,65,92,40,20,37,6,13,95,77,55,53,56,45,30,91,17,37,17,4,58,92,68,5,50,21,1,68,49,61,87,84,94,44,38,26,16,70,25,45,2,28,10,60,36,65,43,85,63,1,12,4,68,18,60,41,37,34,66,60,38,93,64,83,22,69,98,95,22,44,96,74,91,15,49,23,18,59,82,25,57,25,96,5,78,61,41,81,75,70,85,67
49,53,2,21,92,58,81,98,10,78,35,95,22,59,31,94,57,43,77,15,55,44,96,61,17,84,46,61,92,29,67,51,70,34,60,35,34,70,37,56,44,58,63,49,43,45,34,70,72,64,66,49,4,53,90,46,53,61,25,53,66,45,67,41,46,66,49,8,70,55,78,32,42,11,79,26,56,83,18,58,57,80,44,22,12,15,18,46,31,69,55,50,66,35,64,68,66,62,69,51
34,66,5,65,72,35,55,25,58,32,45,23,57,43,55,93,42,100,56,28,49,64,20,16,60,74,9,41,76,53,40,17,13,10,19,49,33,54,17,36,20,72,49,55,44,69,38,35,35,32,92,11,85,36,71,52,66,76,12,83,91,17,81,73,50,38,67,34,8,66,61,48,67,44,37,49,44,70,37,49,66,61,41,89,40,38,59,46,34,95,32,56,92,93,52,93,75,41,27,69
56,35,45,44,44,51,98,49,100,61,53,89,30,48,36,35,2,22,39,90,84,12,57,57,75,97,95,5,23,44,63,72,84,54,36,43,59,5,62,79,59,73,73,79,67,65,6,41,0,48,12,71,60,45,9,56,11,96,44,32,46,6,98,39,76,11,37,51,37,38,46,19,5,35,87,5,6,68,62,36,7,61,8,39,69,83,45,16,34,81,86,32,100,50,75,61,10,69,85,42
85,73,30,6,91,44,10,62,71,62,32,62,54,6,28,98,53,24,57,5,48,36,54,56,26,66,63,38,55,97,96,33,2,90,36,61,58,80,37,30,71,67,26,88,85,79,37,53,44,73,13,44,83,3,14,8,46,90,86,89,85,61,71,21,58,22,51,53,20,51,85,98,55,96,14,38,29,49,80,83,99,43,94,80,65,61,33,62,72,0,50,5,12,99,47,28,16,41,67,48
91,55,97,47,43,74,42,54,2,90,36,62,55,8,81,55,70,42,42,22,52,53,4,30,96,94,22,72,25,45,70,26,65,36,87,27,32,20,48,56,28,64,56,9,76,20,47,74,37,35,69,44,58,93,25,58,90,42,34,75,53,19,2,32,20,51,52,72,8,68,42,98,10,22,37,25,55,80,53,39,26,58,99,68,23,88,50,75,33,8,32,89,81,61,10,53,70,78,35,63
42,91,43,36,28,89,47,32,54,34,42,92,72,66,8,74,60,9,5,12,50,95,58,73,79,4,82,96,97,29,6,8,12,62,72,71,78,3,34,92,47,40,65,23,11,98,18,74,38,79,36,40,37,2,37,58,64,11,48,53,33,2,88,39,7,80,41,72,74,41,61,76,41,33,70,63,36,61,4,75,17,53,23,61,42,61,54,99,97,46,67,47,28,52,90,41,50,41,67,36
9,48,7,21,69,88,95,96,50,59,10,92,12,80,2,43,62,93,63,72,53,53,68,58,43,12,81,97,39,8,37,40,61,30,56,46,90,83,52,68,40,42,36,77,86,14,91,44,16,88,53,46,20,72,77,90,76,55,34,68,11,4,42,32,80,7,73,57,52,41,40,48,15,75,37,0,36,31,27,41,43,62,40,78,64,21,89,76,88,46,59,84,76,9,49,50,77,15,48,38
71,82,74,13,32,37,100,44,11,53,53,74,52,22,36,15,46,65,17,45,73,28,10,14,79,28,33,41,48,37,36,53,50,77,19,39,69,81,62,24,33,44,68,37,82,20,69,7,82,62,34,26,60,84,31,83,100,52,11,92,57,60,33,40,43,54,9,74,89,91,64,4,15,31,18,63,98,64,51,67,35,78,44,42,76,21,29,51,76,40,19,38,17,7,29,5,7,49,79,70
55,4,37,95,67,41,46,47,17,83,20,96,60,38,18,98,11,51,81,64,24,5,87,36,58,78,73,38,38,6,71,26,87,62,81,45,26,64,36,32,46,97,49,22,51,88,32,90,23,62,3,7,43,64,57,36,55,10,67,69,41,98,77,55,69,50,30,50,7,50,55,81,30,53,75,50,27,56,69,90,35,36,59,87,57,92,68,40,29,83,41,55,82,36,19,32,72,32,72,2
5,49,59,93,43,47,63,7,88,8,93,51,34,90,45,38,81,69,60,82,92,94,37,31,39,49,82,83,68,66,64,21,37,25,34,55,77,46,30,43,99,49,10,38,99,53,56,83,26,43,38,33,46,59,88,12,6,55,2,39,68,63,14,49,27,46,56,58,6,57,42,81,44,53,96,51,43,92,8,16,36,87,30,53,40,13,60,71,49,4,66,99,78,45,42,45,42,37,58,24
57,29,16,16,50,12,54,62,69,29,47,25,8,53,65,68,35,52,71,92,33,41,62,48,88,31,59,4,74,96,49,11,37,87,57,51,93,77,48,2,53,37,5,37,69,9,22,11,60,38,3,30,33,35,10,97,52,29,57,58,94,65,37,53,6,85,47,25,37,71,33,8,92,61,96,46,88,87,44,2,59,53,94,37,65,13,44,2,27,26,34,24,68,9,77,47,62,23,77,14
48,64,90,98,56,95,55,2,40,87,83,79,33,61,65,57,39,56,51,38,34,53,67,58,53,94,48,54,68,61,22,12,26,60,75,48,53,80,50,17,53,45,53,16,54,63,14,54,6,65,71,38,24,25,86,7,12,46,63,58,98,43,44,61,34,59,47,57,48,39,85,49,66,30,14,75,23,50,52,99,76,45,45,56,69,28,34,78,96,95,70,9,77,36,62,82,44,37,33,71
53,34,60,9,66,32,16,5,99,9,78,87,100,43,37,52,32,42,27,62,49,46,48,54,96,76,43,99,22,53,53,85,77,60,99,7,81,82,56,14,22,49,12,47,63,21,89,45,68,79,49,7,15,52,53,63,40,27,93,81,7,64,70,11,62,59,100,54,67,37,91,54,86,97,55,77,45,76,34,29,8,26,39,58,93,89,39,7,93,74,7,10,68,36,80,58,3,28,76,69
18,55,86,95,51,74,18,96,7,14,60,0,50,84,34,55,16,37,97,51,84,34,61,46,93,36,21,37,59,58,69,49,49,16,65,33,54,57,41,45,68,4,86,80,9,97,71,32,32,75,47,24,84,70,7,54,93,57,69,66,100,21,47,24,19,12,34,64,9,63,15,33,53,95,97,4,79,88,61,66,37,67,27,90,6,8,58,33,37,91,66,4,33,76,52,88,51,12,68,69
44,41,6,76,37,7,74,71,52,10,95,39,75,84,41,50,70,58,100,47,70,6,2,37,80,94,66,98,53,15,21,64,75,73,22,20,26,9,99,48,17,33,19,61,0,37,27,54,51,58,68,47,51,19,42,13,59,74,68,40,76,91,67,9,38,73,39,83,33,82,53,13,18,10,40,65,13,56,8,38,48,10,2,53,47,73,82,88,89,46,52,5,61,63,54,97,16,78,84,22
59,55,36,59,95,63,96,32,73,83,61,6,44,24,67,86,29,50,17,39,92,72,33,20,25,7,26,100,88,54,26,74,23,83,81,74,82,21,69,70,9,4,100,91,53,5,72,93,16,26,34,60,100,40,53,67,44,39,14,83,60,37,44,50,8,64,65,88,40,65,16,75,9,57,90,45,50,65,52,29,12,95,41,74,42,55,61,96,81,61,45,25,57,83,35,28,8,44,88,28
73,98,14,94,82,4,20,93,47,94,21,7,47,88,75,33,44,95,45,75,100,61,96,12,100,72,61,58,30,34,34,19,85,19,67,40,44,85,84,97,69,53,77,33,14,57,21,25,34,83,52,30,39,67,70,83,48,54,55,46,4,40,81,90,35,15,20,5,24,43,33,86,55,66,69,59,18,13,54,44,68,68,7,7,45,97,99,35,45,67,88,38,49,80,8,33,41,35,72,9
51,11,69,15,88,80,91,22,52,74,82,3,68,83,96,30,74,40,8,52,76,52,40,41,39,45,74,38,56,66,55,50,2,1,57,48,15,55,97,29,35,39,15,7,34,9,31,25,10,68,67,40,61,67,56,36,83,95,17,33,42,92,38,53,92,8,88,82,45,47,90,28,17,57,60,44,99,59,13,57,47,87,7,91,55,36,86,52,28,77,43,59,35,59,93,10,45,93,25,74
95,75,44,69,38,38,36,98,69,18,62,32,57,74,79,64,59,61,52,30,16,49,43,79,64,77,62,7,42,49,55,61,42,77,12,57,26,79,55,23,97,31,89,48,28,54,87,25,42,20,50,30,16,29,28,75,7,64,95,67,12,54,78,5,94,9,96,14,25,50,52,49,74,12,4,42,47,33,71,42,84,6,86,52,48,41,50,63,24,67,47,48,34,73,39,89,50,73,12,57
83,6,55,42,68,19,62,43,42,62,17,92,52,29,70,49,81,90,5,89,23,60,49,38,91,81,69,36,10,80,74,96,98,57,3,30,99,57,2,97,39,73,50,22,91,61,45,56,43,14,87,43,9,62,68,59,70,100,89,45,57,57,10,81,48,16,93,37,36,30,6,55,21,35,70,82,63,91,62,69,55,84,90,36,28,93,96,65,56,28,36,76,100,79,70,42,9,94,74,70
22,6,98,4,25,97,12,39,78,88,91,79,43,65,75,70,69,68,39,57,38,60,16,71,24,76,36,22,32,53,82,12,63,62,37,81,72,64,20,64,5,87,84,43,21,67,44,99,4,39,70,45,65,77,76,58,65,84,70,70,48,51,69,29,49,3,66,81,12,53,28,100,27,48,70,16,39,92,21,21,99,87,45,56,66,37,54,29,69,24,80,70,48,58,81,69,31,41,80,98
88,25,48,2,44,70,45,79,12,69,18,10,56,43,81,4,46,87,30,75,82,34,97,61,44,68,42,6,44,41,63,62,11,73,56,20,90,60,55,79,59,42,79,53,8,90,91,49,73,87,2,67,76,17,35,29,26,94,14,4,61,54,92,68,61,70,86,24,0,61,99,52,93,11,43,54,41,79,67,4,46,41,12,92,21,51,31,46,89,48,73,68,7,46,23,47,95,18,70,18
13,46,21,51,65,64,19,72,46,92,57,78,91,10,35,62,38,63,44,13,15,59,89,96,76,69,5,64,17,16,62,59,6,99,3,51,34,35,11,54,48,63,40,99,70,1,80,5,90,49,69,32,61,2,76,56,70,40,14,33,47,50,41,83,46,97,18,48,31,67,58,33,43,89,89,93,39,26,69,64,47,85,47,96,24,13,5,11,49,44,58,73,90,89,26,86,62,70,84,59
58,26,57,52,10,38,17,14,17,27,49,47,50,97,12,17,76,32,97,55,47,82,78,62,71,22,74,60,68,61,60,47,63,23,58,30,35,25,17,30,23,53,49,70,11,99,27,97,79,57,87,88,46,19,95,4,26,84,35,46,50,49,65,32,83,17,81,59,64,43,58,5,31,13,38,20,42,81,48,62,48,41,44,54,28,79,71,49,67,22,85,2,34,50,97,40,50,42,7,65
14,73,25,32,56,54,15,87,66,31,59,45,76,65,48,10,29,20,49,15,15,61,27,98,85,57,50,83,15,40,34,61,85,16,98,61,93,42,42,74,86,52,92,58,91,87,9,37,21,85,21,59,13,40,15,63,9,68,41,6,82,71,35,40,42,4,56,31,89,63,58,39,8,92,24,22,35,62,6,15,11,59,99,41,57,31,40,37,63,51,42,69,49,97,63,82,13,28,62,77
79,37,99,18,80,50,54,3,94,70,100,52,35,32,82,55,55,18,3,57,45,4,28,52,23,59,27,54,31,43,47,70,22,94,21,27,8,54,4,99,24,99,66,45,41,70,66,49,62,51,42,48,55,29,92,44,69,57,56,40,83,65,66,52,4,51,29,39,68,80,36,12,93,34,70,52,58,40,54,78,41,82,35,88,60,30,16,46,85,33,88,74,69,80,54,32,35,63,78,39
35,98,2,79,20,92,97,66,63,54,84,33,63,17,23,43,83,59,18,36,98,47,22,61,92,4,4,43,27,93,40,48,92,31,81,37,51,79,10,41,14,50,33,88,61,43,67,35,33,69,29,10,32,29,33,57,81,54,34,13,81,22,41,36,60,11,66,1,23,51,92,37,53,70,35,54,96,51,29,37,51,69,78,80,67,99,4,54,44,56,11,53,47,86,23,3,12,50,52,33
28,44,31,41,41,13,21,35,23,53,33,33,88,79,43,70,49,58,0,99,70,30,57,81,100,55,70,64,96,88,9,28,10,16,22,64,98,21,23,81,64,70,61,59,70,35,67,8,62,82,62,47,62,77,95,86,21,70,51,15,23,37,61,80,56,58,90,54,10,57,57,70,40,68,33,84,46,71,57,28,89,4,92,23,53,7,66,32,49,81,58,84,80,25,29,91,76,33,16,72
58,17,9,34,51,23,31,55,49,12,40,70,61,51,59,60,71,13,78,26,35,85,97,32,66,77,51,48,18,99,17,71,86,56,30,36,18,40,77,68,89,95,51,95,58,52,74,99,69,26,55,64,15,12,50,88,3,90,43,25,57,35,6,55,90,91,34,39,86,80,29,19,20,84,6,90,4,30,67,93,47,66,51,7,42,59,100,69,36,82,71,9,15,66,63,80,28,3,78,40
30,30,95,61,65,33,29,34,77,26,29,17,13,26,56,5,25,56,22,27,46,41,26,55,57,70,12,56,3,39,1,19,38,1,71,53,54,43,4,44,20,54,16,67,49,25,61,47,44,46,26,71,86,95,24,92,18,2,13,88,35,81,26,34,58,97,96,21,30,83,29,70,88,30,58,83,66,33,75,39,51,81,4,45,34,92,36,68,21,83,50,66,86,27,35,96,46,53,3,93
87,81,18,52,74,47,33,64,78,28,80,88,40,60,87,44,34,34,40,68,89,90,100,13,4,70,59,77,56,45,88,62,99,67,18,32,22,12,15,45,34,54,19,81,71,34,36,6,57,15,82,51,60,41,36,37,42,54,10,59,88,83,89,100,61,43,4,94,97,55,85,75,50,52,82,45,28,47,66,20,41,62,5,20,87,58,52,38,90,10,67,23,59,9,48,10,43,75,7,18
47,41,27,33,58,36,18,47,62,74,24,70,60,61,27,30,59,46,93,43,72,84,6,70,41,41,64,42,45,25,77,58,53,75,77,72,57,57,31,34,26,74,30,90,67,54,49,69,90,2,22,77,56,34,96,37,23,67,92,63,30,12,89,30,96,48,53,10,52,27,53,52,29,75,45,18,63,16,80,5,15,61,38,54,57,35,55,39,34,67,87,85,44,99,57,44,94,10,54,47
25,93,52,40,100,52,68,82,27,17,58,38,23,67,38,22,35,13,47,18,81,39,50,68,92,18,96,48,25,54,27,33,25,87,44,95,71,35,69,85,29,47,24,95,47,13,25,24,39,58,22,90,57,70,93,50,59,46,87,66,35,86,7,13,16,47,40,5,38,53,36,68,58,84,26,93,88,12,41,51,48,69,25,63,96,69,48,59,92,46,66,89,51,80,20,59,17,95,52,83
71,19,72,63,56,44,34,43,19,90,35,66,76,79,99,12,70,56,62,22,18,68,54,63,33,83,41,72,43,41,40,45,86,3,47,64,30,8,45,14,47,29,73,83,18,33,33,45,7,6,26,10,65,9,15,28,92,17,86,61,66,85,14,70,59,75,52,61,20,98,43,4,13,42,40,2,42,13,12,56,36,18,55,22,54,61,93,28,32,9,36,6,23,58,59,89,82,49,94,13
91,53,37,55,26,52,17,55,51,38,33,64,18,56,11,67,53,69,58,34,9,81,51,2,66,24,24,26,23,16,41,68,21,89,56,82,57,77,31,30,69,45,31,33,90,100,6,70,98,41,40,23,28,97,38,48,56,51,7,39,7,98,12,17,31,32,29,45,18,1,27,50,13,45,21,51,58,46,55,7,56,36,37,87,78,71,7,97,9,19,72,20,99,13,24,18,89,91,20,78
45,62,87,9,68,23,67,59,59,90,4,41,67,41,45,99,51,23,72,30,2,28,3,87,21,18,20,41,40,39,17,46,53,61,25,9,56,23,7,45,97,3,41,18,51,61,32,68,95,38,45,46,71,66,4,26,43,8,23,49,38,98,46,67,87,86,91,73,76,37,85,57,23,61,80,20,46,60,7,91,50,93,91,4,59,82,94,33,48,71,11,43,41,86,96,66,15,17,32,93
55,67,74,97,79,4,99,34,7,62,68,61,35,92,50,60,45,51,67,43,48,11,94,67,49,54,59,72,81,82,54,7,52,41,59,12,69,88,22,92,11,33,31,95,22,35,8,30,68,36,42,19,4,17,35,69,5,98,26,100,44,53,62,50,12,83,41,93,48,65,37,89,5,15,10,53,12,68,7,39,14,99,14,26,39,49,57,51,79,41,77,6,45,13,50,80,5,49,41,68
73,49,61,70,70,27,61,14,0,9,66,82,94,41,37,86,50,37,35,3,65,16,64,65,15,22,81,94,30,100,92,21,86,66,49,7,59,35,56,67,41,46,54,40,59,87,38,59,49,11,68,50,87,16,50,100,45,47,28,81,53,83,33,14,58,8,62,99,77,9,95,49,71,39,69,10,56,11,92,14,36,10,10,70,16,11,68,10,56,99,66,70,54,13,58,74,84,56,46,51
31,56,48,78,91,48,63,19,89,42,83,60,32,46,48,19,19,99,14,89,98,39,59,57,83,78,74,77,84,12,95,86,31,33,40,40,92,64,29,63,6,37,42,77,60,20,54,52,52,59,36,23,32,15,81,46,86,11,15,40,20,3,58,13,49,54,55,24,7,14,73,75,18,63,32,91,75,77,64,71,59,55,20,80,32,59,61,60,78,71,69,34,82,82,27,89,44,41,49,71
74,96,66,32,29,72,48,95,65,61,99,95,11,13,28,53,88,27,84,33,55,96,78,58,76,56,33,41,60,51,19,67,83,81,15,47,97,11,10,33,71,22,9,10,48,55,38,38,67,50,92,43,50,40,41,52,11,4,86,39,15,60,79,69,44,100,67,65,1,75,33,37,45,81,0,13,18,55,8,67,85,29,87,64,0,40,31,12,71,20,34,5,91,27,36,82,20,64,63,31
52,62,63,38,11,56,50,39,99,29,2,65,59,89,12,84,91,63,4,79,18,20,41,82,88,79,55,44,0,81,35,41,12,62,62,92,41,28,80,4,90,19,46,59,95,44,55,63,41,49,84,66,46,35,43,45,75,73,75,99,76,54,5,96,32,60,52,13,44,53,65,50,44,85,77,61,56,20,12,68,96,90,45,38,43,50,82,86,31,96,19,87,79,48,45,36,31,63,51,37
44,66,97,6,60,65,10,85,14,6,48,59,39,46,51,19,91,55,94,56,94,58,77,64,45,58,69,13,2,31,97,9,94,71,83,2,46,62,41,55,63,24,65,8,29,45,56,3,55,37,99,79,66,100,15,41,11,65,60,97,54,84,30,22,3,15,59,86,95,83,91,29,58,55,4,41,66,60,61,75,73,56,46,24,100,43,37,57,30,27,26,53,43,86,67,81,65,44,44,100
55,11,50,41,37,6,33,36,6,31,99,17,44,35,65,70,94,86,94,64,37,61,94,11,69,91,21,81,91,84,56,70,66,94,9,55,17,27,34,70,49,2,66,57,34,54,37,79,2,55,28,32,45,86,96,51,15,42,42,62,81,54,63,57,48,28,19,56,55,11,9,46,68,68,96,43,50,100,31,18,57,83,87,44,34,1,53,49,14,37,21,59,64,92,11,53,8,93,75,31
41,19,53,62,96,97,31,21,52,69,84,58,83,13,97,31,65,55,62,61,7,40,75,91,90,51,94,45,65,69,65,22,16,86,31,65,91,47,39,19,39,10,35,26,13,54,51,4,31,89,58,36,5,52,31,37,28,51,38,82,33,26,80,40,20,88,82,70,93,63,61,8,89,50,38,10,76,100,84,41,17,57,43,88,24,46,51,11,94,59,76,37,83,32,10,32,50,57,11,22
25,36,47,35,43,34,90,42,47,91,46,31,98,76,71,43,25,55,97,76,23,83,44,95,23,34,57,29,36,78,44,43,19,95,33,44,47,89,52,51,11,43,90,25,84,64,68,32,16,38,48,87,56,84,98,82,22,69,20,69,66,37,55,76,55,15,56,37,32,83,100,54,46,18,33,45,61,12,62,12,76,65,53,18,25,41,70,93,78,38,25,39,11,79,52,62,59,20,22,96
24,61,25,79,90,81,64,64,31,64,37,59,77,62,18,14,62,93,16,15,11,80,8,67,24,59,68,91,55,72,32,45,78,32,64,56,45,80,67,61,24,97,57,99,18,93,25,77,48,41,59,99,84,24,39,49,7,27,25,64,57,13,50,90,53,15,61,51,38,66,41,65,22,22,33,51,92,63,47,31,56,37,45,33,50,29,74,26,62,34,59,39,53,60,51,60,93,4,37,35
44,55,10,69,84,26,96,55,61,26,52,21,16,82,69,32,68,67,83,11,3,30,9,45,74,82,98,40,19,34,30,98,33,14,15,73,49,24,31,56,29,53,55,9,3,30,56,99,57,99,59,2,21,66,96,46,40,38,95,27,69,20,25,69,77,38,48,36,7,59,35,14,55,47,66,39,66,59,58,51,70,57,44,10,19,71,62,77,92,38,45,21,43,34,87,62,32,66,59,61
60,27,70,8,47,54,42,66,43,35,12,27,38,17,34,77,64,59,89,88,33,42,12,12,78,69,50,98,32,47,16,39,42,56,11,90,43,36,20,77,68,85,22,78,92,49,77,85,62,8,97,38,68,73,50,24,54,68,34,27,16,57,97,30,55,13,63,47,24,37,88,24,44,41,83,12,28,72,82,48,31,42,67,36,31,37,67,4,86,46,93,92,96,20,49,56,6,78,77,98
76,38,97,42,82,85,27,73,84,38,42,45,2,99,38,53,17,3,100,80,52,52,55,36,87,22,20,36,10,96,34,97,88,90,46,74,56,12,10,61,72,44,42,92,51,16,50,36,43,25,82,58,41,47,16,42,99,10,82,59,57,89,95,67,46,71,98,71,40,40,59,18,63,49,62,56,39,96,84,61,7,45,94,18,48,26,94,11,30,82,47,11,85,36,16,42,49,68,32,43
10,90,59,31,61,3,54,41,7,37,22,62,41,48,54,90,68,29,25,66,76,87,8,25,52,15,95,36,10,55,54,16,61,59,61,62,41,17,70,36,56,19,49,12,24,61,53,12,79,54,41,32,41,91,8,21,51,8,37,37,38,80,84,41,52,53,12,56,61,53,10,61,36,45,29,53,68,46,41,94,25,85,98,17,39,35,6,52,18,44,62,22,59,73,88,16,32,23,87,79
45,50,43,15,41,41,47,7,76,90,50,13,36,38,72,18,88,31,57,79,33,42,43,33,99,32,54,53,80,65,35,1,69,39,96,3,53,24,3,15,45,59,100,34,73,35,43,61,43,46,44,92,8,79,24,11,11,84,37,43,71,3,93,77,5,61,38,4,59,45,47,66,26,35,66,99,21,89,40,79,63,31,49,96,11,27,19,70,20,18,100,43,49,46,97,75,96,41,44,29
60,25,73,59,70,48,14,53,23,60,66,83,59,25,41,63,65,53,50,55,17,83,16,30,36,73,32,23,97,57,51,51,60,99,66,44,49,52,54,51,35,52,63,77,88,48,10,56,22,43,11,41,32,57,18,32,46,68,69,12,81,45,68,12,34,83,93,54,15,25,22,41,40,28,63,49,38,81,48,56,70,19,57,64,71,26,57,14,40,36,39,30,53,42,5,24,83,64,76,34
