52,39,40,77,39,14,59,77,42,27,52,53,46,96,42,26,33,31,42,84,86,81,97,5,37,35,31,71,6,70,58,60,25,4,100,12,88,5,70,43,70,63,45,96,11,53,35,25,10,14,92,96,68,20,11,53,11,28,86,66,51,32,39,19,28,32,81,49,2,80,57,23,3,12,5,60,75,6,8,9,42,45,80,92,27,92,45,13,7,62,16,73,21,94,36,10,50,29,96,69
20,17,80,46,14,43,4,69,5,79,59,18,61,72,32,35,36,58,7,72,15,33,77,33,77,57,57,64,83,32,20,53,92,29,83,46,60,84,93,58,56,9,4,16,16,95,12,45,41,63,24,84,38,90,72,9,93,86,84,81,58,87,85,95,53,63,39,6,27,30,71,48,49,53,55,34,95,32,64,82,9,3,31,38,82,65,1,78,67,78,65,99,39,34,59,7,81,76,38,92
67,84,100,77,71,81,24,26,100,20,46,31,46,15,36,90,100,59,46,47,56,38,74,55,91,50,83,86,96,52,82,100,4,100,69,26,100,9,98,68,86,11,56,39,67,70,55,91,53,46,56,47,5,68,45,9,34,26,98,67,31,60,99,42,91,46,96,5,28,78,76,23,99,13,58,6,30,54,58,16,70,96,25,2,6,28,76,53,20,78,13,100,95,52,92,48,82,76,89,31
55,63,35,35,81,46,51,70,71,74,53,46,76,50,70,73,29,47,45,91,62,100,77,53,11,100,86,49,3,24,81,69,72,25,11,100,77,69,38,2,48,22,24,10,61,73,1,39,55,70,14,2,69,70,36,38,94,68,17,40,38,47,37,63,77,51,3,65,54,20,82,48,97,15,96,5,78,54,81,88,74,38,28,71,98,62,50,75,57,76,25,13,20,8,30,30,67,86,97,49
70,63,64,26,49,30,74,98,31,92,96,98,78,70,15,7,48,37,86,65,99,4,30,23,79,91,34,41,23,2,59,47,15,56,32,14,32,78,90,56,30,78,52,38,29,70,26,74,34,89,76,10,33,82,17,21,1,57,43,69,17,53,52,7,41,85,98,59,21,60,38,40,56,96,84,52,15,80,66,18,38,5,5,37,39,76,51,80,39,46,57,31,15,24,63,28,67,50,85,17
49,72,65,91,70,94,95,0,85,80,90,96,6,44,1,76,100,54,52,76,90,10,89,78,94,66,17,0,81,80,4,12,73,95,83,33,99,9,58,15,68,55,14,4,64,26,75,81,29,40,54,67,19,90,41,45,66,75,97,2,5,54,95,28,53,19,64,7,14,16,94,38,28,73,100,70,26,86,41,64,19,25,21,79,6,73,5,95,10,49,89,40,68,82,100,24,27,18,42,74
77,33,59,20,49,97,66,71,32,42,4,67,32,94,90,89,34,56,23,71,5,49,51,58,31,63,88,80,64,99,90,62,34,48,23,23,99,74,8,89,64,79,68,4,68,6,35,15,93,29,38,95,41,86,45,19,26,46,72,62,49,3,67,15,78,3,40,19,86,27,97,79,57,92,59,85,20,8,47,91,99,62,38,17,53,4,96,76,52,6,25,75,7,39,39,90,16,41,71,45
87,78,99,75,27,2,39,53,54,90,39,77,57,19,97,27,55,52,19,4,25,89,33,25,44,7,13,68,83,80,91,55,16,20,54,16,96,74,52,72,35,31,68,29,36,77,16,99,90,40,63,21,41,71,57,34,45,60,44,99,36,30,58,75,26,60,90,100,91,12,37,63,22,77,27,60,10,13,47,57,31,40,82,80,41,23,76,46,34,60,24,17,31,98,10,19,38,73,99,68
29,56,69,40,57,16,14,15,0,2,78,77,42,25,69,86,39,50,88,99,72,63,15,86,27,86,17,83,5,77,83,5,31,52,52,58,24,36,9,84,70,82,52,1,43,93,20,47,58,37,91,88,50,56,83,23,37,18,25,21,13,57,22,85,34,85,9,97,9,29,83,87,88,84,85,96,96,83,0,42,15,68,81,84,45,22,76,41,44,19,3,96,7,21,17,19,5,16,12,64
73,75,22,81,44,22,28,67,25,81,8,18,79,42,70,1,72,49,43,80,16,69,17,99,60,62,40,55,76,99,66,79,23,23,20,53,21,49,30,24,26,65,82,73,20,23,70,22,70,79,10,54,87,16,71,64,14,28,22,80,28,2,73,31,8,6,48,28,30,28,36,44,49,34,94,5,79,43,13,67,10,42,26,26,44,2,34,33,61,14,46,72,33,89,62,22,50,98,86,15
95,67,39,92,71,83,62,85,90,20,17,22,46,84,95,22,16,50,2,77,6,73,22,55,11,28,95,65,60,12,82,23,57,65,26,38,50,15,22,72,9,39,44,9,45,79,55,49,79,32,73,11,57,23,70,55,79,4,83,39,27,26,25,56,71,78,15,30,9,38,87,38,6,55,68,18,48,84,49,61,67,72,61,22,58,87,37,60,84,94,86,43,59,15,42,79,27,42,90,14
53,56,10,27,55,98,66,84,16,34,98,41,84,42,96,89,97,85,23,72,13,68,14,99,33,8,21,70,17,15,84,57,77,97,79,47,97,4,70,19,61,71,14,59,79,57,83,5,46,50,86,78,36,88,75,56,99,40,38,92,63,34,52,80,43,82,28,70,94,48,65,93,54,12,61,61,36,80,49,58,40,43,7,53,41,87,67,50,3,46,23,95,55,80,94,22,1,78,16,79
100,55,72,14,22,16,3,83,5,57,37,6,87,52,88,82,37,98,7,16,98,86,34,88,95,10,69,81,91,94,79,80,45,59,81,71,72,28,20,39,55,50,90,56,5,85,61,17,58,60,22,45,90,16,55,97,50,10,9,88,71,21,55,43,62,45,87,15,55,68,85,39,80,97,95,47,98,94,19,54,24,24,18,98,11,90,67,44,11,97,24,87,33,47,22,19,34,32,7,100
3,58,72,33,14,72,55,82,16,100,70,39,73,39,58,20,80,19,82,1,59,6,6,24,59,76,14,35,44,96,54,18,60,40,78,79,45,24,14,10,39,44,60,3,30,87,73,58,94,93,58,77,44,64,75,26,39,78,54,70,37,82,100,50,84,80,66,40,9,69,31,12,7,87,65,68,50,93,34,72,3,64,25,23,69,5,74,42,49,77,100,40,83,50,90,49,95,9,35,7
62,2,43,90,67,92,4,37,15,42,50,61,65,59,33,23,24,32,53,79,88,87,31,37,50,74,94,40,94,11,99,99,83,71,79,56,19,2,22,50,81,14,80,78,90,77,28,52,42,100,5,89,63,73,81,17,43,57,58,15,72,94,44,87,79,63,10,69,31,100,2,31,48,33,24,56,12,39,83,21,7,61,99,66,97,65,7,37,85,10,4,79,94,51,54,52,38,61,55,30
50,16,24,46,70,79,74,80,92,66,69,86,62,19,97,82,29,5,21,2,23,53,17,4,32,63,6,53,56,56,28,23,28,12,75,50,36,61,49,8,62,44,29,96,35,11,77,85,90,27,99,97,79,13,37,24,60,80,88,46,6,26,28,64,55,20,4,3,9,12,82,55,88,92,32,59,71,40,46,45,14,89,4,97,63,56,37,92,47,64,85,10,76,39,79,40,96,56,11,66
9,90,96,14,87,3,42,40,18,76,54,99,30,84,26,46,49,13,53,31,73,41,30,2,13,1,7,18,44,29,52,73,69,95,35,92,50,85,65,79,71,23,95,54,90,44,9,70,48,42,6,89,91,23,40,98,69,86,28,32,69,43,16,79,42,6,31,37,74,87,5,45,79,48,58,80,82,81,77,13,99,33,70,100,54,89,10,57,9,69,10,95,34,32,70,34,18,23,70,73
53,62,50,7,58,24,27,70,17,69,44,47,65,89,88,91,41,81,25,48,27,28,50,45,70,34,23,37,96,81,56,32,25,72,28,35,54,42,67,90,53,18,95,18,28,73,26,86,3,26,8,31,71,59,35,4,47,6,21,10,66,22,61,93,84,35,19,87,74,76,15,83,9,27,23,56,58,7,33,31,55,92,20,36,73,55,47,30,20,80,40,6,94,35,36,18,31,56,63,51
75,74,10,27,53,36,5,72,78,98,87,92,35,50,41,88,84,44,78,77,12,57,31,88,30,7,0,39,63,94,63,36,96,7,69,94,19,15,36,75,38,73,39,32,14,59,74,45,28,8,21,2,28,86,3,39,53,41,88,4,80,28,73,77,21,80,12,58,74,91,36,18,52,73,7,21,67,94,56,79,2,39,15,76,59,87,98,93,32,88,86,16,46,7,53,69,30,14,78,58
0,59,34,73,84,70,5,58,55,26,1,68,86,37,43,51,49,12,80,97,59,89,15,24,14,34,92,31,13,86,90,11,19,90,56,78,7,45,33,34,7,16,13,67,68,50,62,66,24,91,89,52,65,87,59,73,93,48,55,87,53,37,12,73,45,76,56,12,49,72,44,62,64,74,11,69,71,41,83,66,76,26,24,20,61,97,36,99,98,91,94,40,97,90,52,12,72,61,94,97
68,33,70,42,37,89,34,20,36,68,3,69,98,63,41,21,81,46,27,80,78,61,41,54,58,34,13,18,48,64,56,32,68,78,89,91,58,60,7,37,67,69,20,85,95,61,25,44,87,21,24,29,80,9,7,78,100,26,38,77,74,90,72,89,33,12,36,14,5,52,87,77,33,23,58,84,75,49,22,47,23,36,7,52,49,72,11,84,100,98,46,89,39,80,77,54,64,96,9,85
72,60,22,49,27,66,71,19,31,68,12,72,85,12,37,52,52,100,76,93,62,42,23,93,95,100,77,28,26,49,71,74,9,91,31,50,83,78,58,48,1,56,26,94,50,20,59,28,44,14,99,20,33,37,44,41,2,68,87,19,52,33,57,78,52,7,10,73,49,26,12,62,4,69,8,44,53,34,53,86,62,57,83,46,38,71,9,18,65,24,46,48,56,87,100,55,35,38,2,40
73,28,17,4,75,98,79,11,77,12,65,44,53,87,97,71,9,93,54,26,1,34,97,91,48,30,87,3,84,91,38,73,89,33,95,4,69,65,80,61,61,69,5,96,29,6,8,37,36,6,74,58,40,39,39,38,69,81,84,99,94,57,54,80,20,1,44,5,50,62,39,1,96,37,17,14,23,78,68,88,17,13,81,80,6,35,97,42,20,90,15,35,38,91,72,23,29,66,74,46
23,34,95,97,95,25,65,22,1,85,95,92,65,72,66,13,84,97,18,31,9,35,39,57,59,42,3,58,41,48,30,89,30,47,56,41,62,45,99,49,30,77,6,2,81,79,92,64,69,48,28,4,98,76,68,52,99,74,72,60,53,42,26,62,1,94,19,25,77,57,28,6,69,54,22,91,24,99,2,15,93,1,73,5,69,37,85,92,53,8,63,64,24,53,57,36,70,87,65,4
75,18,24,41,88,44,57,56,99,74,4,2,94,58,64,12,80,36,52,28,61,32,30,93,5,16,20,16,29,49,21,83,100,65,41,68,81,15,8,56,46,92,13,13,11,34,5,23,99,93,15,31,83,74,38,53,38,67,72,32,24,86,95,27,56,32,13,33,55,27,32,80,39,62,35,18,14,80,35,97,32,42,7,40,7,78,60,10,12,79,39,23,70,48,78,49,13,63,97,33
1,26,35,29,94,63,92,17,16,39,46,35,63,65,44,62,34,66,11,45,14,69,14,85,3,87,21,80,33,15,82,47,53,74,76,36,83,52,99,77,68,44,61,84,53,80,67,16,54,87,37,34,58,8,4,12,74,40,77,57,93,88,60,55,73,71,9,56,4,91,87,80,89,51,43,65,93,4,27,89,47,6,37,96,2,6,78,38,63,67,16,91,21,13,77,15,76,8,25,39
16,79,58,70,73,21,72,33,72,75,20,35,30,83,42,85,40,58,45,40,31,71,14,16,84,58,52,94,33,24,28,71,24,8,52,94,37,73,34,10,95,37,11,33,14,45,29,41,41,95,93,80,11,49,52,8,47,95,57,46,55,85,27,97,75,25,54,59,96,53,43,41,12,40,13,35,20,37,45,30,49,17,18,60,68,49,48,34,72,34,87,44,19,17,97,23,63,13,40,24
22,7,74,35,56,5,48,31,59,71,54,7,37,69,41,66,5,0,54,26,40,67,76,10,14,67,61,87,37,87,25,9,86,32,69,78,38,50,17,5,52,56,5,49,79,100,82,28,47,41,63,34,72,31,57,6,35,59,41,15,79,99,4,46,34,81,64,18,98,90,53,40,79,83,18,74,19,25,24,72,3,87,6,53,57,32,70,61,91,37,40,94,69,61,86,31,92,83,40,38
19,34,80,40,76,75,98,84,2,100,68,23,68,30,54,76,49,29,64,67,65,98,23,83,29,27,34,89,12,83,31,42,38,63,12,34,32,97,7,30,63,23,43,16,57,84,98,80,59,47,40,62,92,65,40,40,14,100,33,21,39,36,22,81,80,59,92,45,12,47,17,55,29,32,2,3,66,68,44,76,12,82,100,75,31,42,7,80,58,44,17,73,24,33,50,44,37,58,91,59
21,32,29,73,64,34,17,67,23,23,83,3,4,40,33,14,10,23,58,64,38,55,36,92,56,13,36,81,61,13,87,34,81,90,11,10,87,33,72,79,14,30,30,29,33,79,93,14,9,73,24,55,39,62,21,43,89,70,28,56,13,67,99,82,29,48,57,27,94,86,49,13,2,49,29,95,66,66,32,80,29,58,25,60,25,79,38,72,95,99,80,67,20,46,9,30,43,22,69,83
82,62,56,66,18,20,36,23,35,56,25,34,37,15,37,90,24,77,98,68,51,77,29,4,41,67,90,97,64,46,60,46,34,18,6,20,43,26,18,67,23,68,35,13,94,4,28,6,18,66,1,86,11,83,63,72,40,51,16,17,84,8,18,10,18,45,89,61,20,24,19,15,71,2,30,72,79,53,10,79,84,45,82,16,56,11,98,99,14,12,27,67,88,55,53,19,31,70,36,49
95,90,5,96,84,88,41,81,71,96,71,45,11,64,52,99,33,23,79,73,36,49,40,41,55,0,7,75,14,75,85,43,97,67,68,45,3,77,68,82,40,94,16,63,100,52,29,4,73,32,48,88,95,65,43,82,61,20,83,77,18,35,89,69,98,2,65,95,74,79,31,42,4,96,89,22,46,4,76,100,41,88,86,41,8,30,99,13,56,29,51,26,28,11,12,97,58,12,10,12
35,19,66,59,25,41,7,60,60,89,20,33,23,34,27,37,25,84,90,12,72,54,69,61,42,11,88,20,95,5,100,79,59,12,10,72,34,100,68,13,55,18,73,46,39,78,84,32,100,82,3,6,24,45,71,27,68,21,57,23,99,70,59,38,95,98,47,18,98,54,80,98,47,25,53,71,98,23,55,92,75,64,11,49,29,22,91,12,20,89,6,24,71,77,40,34,82,40,81,93
8,12,56,59,52,67,41,96,80,61,91,86,6,82,11,12,23,63,84,17,68,36,53,97,97,99,21,96,61,90,68,16,54,69,87,49,92,79,91,54,45,94,94,59,10,7,88,68,47,83,35,44,12,63,79,58,8,35,96,93,44,10,84,42,40,5,79,44,25,9,32,3,40,96,75,17,20,27,96,37,29,50,88,20,96,94,99,92,14,63,50,20,47,73,50,80,20,16,9,13
58,45,11,12,77,65,34,59,36,76,11,74,34,37,80,42,92,66,36,53,32,90,9,50,28,65,83,8,25,42,59,86,37,79,94,99,45,15,73,63,100,72,99,60,15,20,13,0,35,42,82,86,91,33,43,31,81,52,65,38,72,83,63,41,37,63,95,66,60,4,61,69,12,18,25,50,28,10,85,74,67,81,13,25,68,50,59,35,38,16,41,96,51,44,76,12,60,53,20,39
43,53,31,25,69,68,42,72,43,24,1,16,41,30,44,77,56,95,49,57,36,56,19,86,50,36,69,30,94,91,83,12,32,56,43,16,52,55,0,16,82,100,37,46,36,25,81,21,78,27,66,26,28,44,64,15,61,50,33,91,24,28,43,34,79,75,21,18,23,38,81,41,95,45,51,86,67,11,13,96,66,98,20,49,64,58,36,21,66,82,68,97,8,83,14,62,27,27,4,74
32,14,36,71,8,72,85,62,21,61,61,98,77,87,90,80,78,14,79,44,13,90,76,24,56,43,33,46,21,59,24,11,82,29,70,3,16,83,11,88,80,87,62,24,8,65,12,60,73,80,93,64,16,42,37,17,18,7,23,34,3,11,52,10,97,72,68,3,4,37,32,77,25,84,100,26,67,8,34,43,29,36,69,16,45,52,2,65,30,54,94,18,35,21,58,77,55,28,18,19
97,56,13,71,77,63,41,3,3,42,92,48,8,11,50,38,45,9,52,48,17,21,44,35,62,66,5,24,17,84,82,33,99,63,74,59,9,27,45,8,97,83,52,26,67,74,7,39,37,91,81,63,4,100,8,21,55,45,52,83,85,14,52,24,64,32,15,11,58,36,45,97,3,59,85,67,34,5,90,95,57,71,53,73,89,43,96,9,29,49,26,46,41,70,19,21,41,49,46,95
53,7,55,37,58,76,94,22,44,6,92,75,20,8,67,38,17,85,84,39,13,69,28,36,15,35,18,75,66,31,48,70,40,53,34,61,86,26,30,18,68,3,98,87,77,30,61,21,63,29,91,14,76,44,42,38,2,1,34,14,75,77,53,48,77,69,33,22,81,72,15,27,69,88,31,14,91,6,16,68,30,95,56,8,12,53,76,82,37,96,46,9,9,8,44,49,77,97,4,54
16,42,86,82,55,41,48,50,14,8,94,14,95,40,18,23,41,36,73,78,79,87,13,97,40,49,69,13,12,91,38,85,95,86,23,10,85,11,73,53,76,62,46,18,21,76,25,53,50,66,84,45,2,41,10,90,45,100,86,54,29,2,13,46,31,99,27,36,51,57,35,74,75,29,80,32,20,20,1,50,62,48,68,10,45,7,15,49,99,35,72,78,16,78,18,38,65,14,36,80
47,12,43,18,37,43,61,26,79,49,7,81,94,66,62,77,71,46,81,59,11,15,46,43,82,30,96,43,2,89,100,16,59,53,10,80,20,72,74,12,40,18,39,100,93,65,21,39,77,99,2,41,82,58,82,27,41,57,68,92,49,89,83,13,7,87,26,96,90,24,9,30,44,93,82,65,7,73,74,48,25,47,41,38,11,25,72,41,60,38,46,87,25,50,78,51,51,56,66,97
34,45,20,19,72,58,53,3,85,15,7,26,63,47,80,84,69,85,62,52,54,85,62,19,50,85,5,65,95,48,53,6,13,1,48,58,5,13,39,35,19,56,13,95,21,30,40,80,61,11,29,95,50,15,72,85,27,28,12,18,56,31,15,92,33,2,21,85,35,14,35,48,7,48,9,34,4,11,71,83,77,28,95,7,4,34,20,68,55,21,60,43,43,89,32,28,13,63,16,51
39,59,21,18,56,4,79,17,45,65,57,22,17,46,44,82,70,34,83,9,13,80,78,23,86,36,32,90,76,6,1,36,2,87,42,31,18,66,39,70,21,15,60,91,50,26,35,67,89,51,80,79,96,15,75,81,27,37,34,26,80,52,40,55,58,57,75,72,59,12,60,15,70,90,5,30,67,96,94,64,80,97,4,65,65,24,90,65,21,40,32,54,78,48,22,30,34,20,44,38
51,53,76,31,17,86,16,57,46,94,86,83,30,97,20,93,43,90,48,48,90,76,77,80,9,38,7,97,48,77,91,81,65,60,53,93,12,52,94,9,20,59,89,98,10,39,45,12,41,51,47,9,86,25,54,8,74,17,95,85,29,79,70,82,77,99,84,48,72,84,44,76,18,8,5,96,31,100,79,22,8,77,55,83,21,93,7,55,52,79,22,20,70,60,60,38,27,36,48,100
83,36,90,47,89,2,26,93,72,21,79,66,27,20,35,2,36,54,49,66,30,58,55,63,16,70,4,96,88,89,98,86,8,92,44,93,11,2,84,34,6,4,28,7,37,17,41,1,96,51,85,34,39,93,33,64,42,84,61,89,90,72,6,24,51,5,68,20,80,11,15,66,83,76,7,20,85,70,80,50,32,75,11,11,3,99,62,5,96,65,82,71,64,23,44,83,88,47,23,3
90,8,91,82,36,61,94,82,18,71,91,72,97,91,72,38,34,20,38,1,95,96,59,14,17,21,27,38,93,80,29,42,30,25,80,2,26,17,35,7,3,70,56,29,26,39,11,11,5,13,31,57,84,26,39,42,3,49,74,46,80,81,52,53,82,0,14,26,54,37,29,92,29,69,66,88,2,46,10,57,53,90,53,14,5,27,7,25,61,85,43,97,2,37,4,68,90,85,42,59
77,71,40,61,95,74,77,62,89,4,33,6,17,30,84,59,58,24,53,27,45,93,38,99,5,53,23,38,15,80,95,21,44,2,80,5,81,67,64,81,11,54,6,73,16,94,28,31,43,22,86,98,40,97,83,29,42,77,64,89,20,18,67,27,19,90,48,83,0,78,62,34,45,98,5,30,97,66,28,26,43,17,95,20,96,40,16,75,97,84,15,65,47,76,78,45,78,34,15,70
78,48,71,95,27,13,20,39,73,45,12,60,20,57,6,13,15,97,55,33,56,25,30,91,17,87,97,84,58,92,48,55,30,21,81,68,49,81,87,84,44,24,58,26,16,70,25,25,2,8,90,60,56,45,43,35,63,81,92,4,68,68,40,91,57,34,16,60,38,93,44,3,2,49,18,15,22,64,96,94,11,15,29,23,18,59,82,5,57,25,96,5,98,61,21,1,75,90,5,87
69,53,2,21,12,78,81,18,90,78,35,95,72,79,31,94,7,43,77,15,55,94,96,41,97,84,26,81,92,29,67,1,50,54,40,35,34,70,37,56,64,58,13,49,43,45,54,20,92,44,66,49,84,33,90,66,53,41,5,53,46,25,67,41,66,66,69,8,70,75,78,82,62,91,99,26,56,83,18,58,57,100,44,22,12,15,18,46,31,69,75,30,46,35,44,68,66,42,69,51
54,46,55,65,72,55,75,5,38,32,45,3,37,23,55,43,42,20,56,8,69,44,20,66,80,74,9,21,76,33,40,17,13,10,19,49,53,34,67,36,20,22,69,75,44,49,38,35,55,32,92,11,85,56,91,72,66,96,62,3,11,17,81,93,70,58,67,84,88,46,61,48,67,44,57,49,64,50,57,49,66,41,61,89,40,38,39,26,34,95,32,36,92,93,32,43,75,41,27,89
56,35,65,64,64,51,18,99,100,61,33,89,30,68,56,35,2,22,59,90,84,12,37,57,75,47,95,5,23,94,43,92,4,74,16,63,59,5,62,79,39,73,73,79,17,45,6,41,80,48,12,71,40,65,9,76,91,16,64,32,46,56,98,89,76,91,37,1,57,58,46,19,5,85,87,85,86,68,82,36,7,41,8,39,69,83,45,66,34,81,36,52,100,70,95,41,10,49,85,22
85,23,30,6,91,24,10,42,71,12,12,82,34,6,28,98,53,24,77,85,68,16,34,56,76,86,63,38,75,97,96,33,2,90,56,41,38,80,57,80,71,47,26,8,85,79,37,3,24,73,13,64,83,3,14,58,46,90,36,39,35,81,71,21,78,22,51,73,70,51,85,98,55,46,14,18,9,49,0,83,99,43,94,30,65,61,13,42,92,80,50,55,12,19,67,28,16,41,47,48
91,5,97,47,63,74,62,74,2,90,36,12,35,8,81,55,70,42,62,22,72,73,4,30,46,94,22,22,5,65,70,6,45,56,87,7,32,20,48,56,28,64,76,89,76,20,47,74,57,35,69,44,58,13,5,78,40,62,84,75,53,19,2,32,20,51,32,72,58,68,22,98,10,22,57,5,75,80,53,89,26,38,19,48,73,8,70,75,33,8,32,89,1,41,10,53,20,28,35,83
92,11,43,56,8,89,67,32,54,34,42,92,72,46,8,74,40,9,55,92,0,95,38,73,79,84,2,96,97,29,6,8,12,42,92,91,78,3,34,92,97,60,45,23,91,98,18,74,88,79,56,40,57,2,37,78,84,91,98,33,33,82,88,89,87,0,61,92,74,61,61,96,21,53,70,43,36,41,4,75,67,53,23,61,62,81,74,19,97,26,67,47,28,52,90,21,70,41,47,16
9,48,7,21,89,88,45,96,100,59,10,92,62,80,2,23,42,93,63,72,33,33,48,78,63,92,1,97,19,58,37,60,81,10,56,46,90,83,2,88,40,62,36,97,86,14,91,64,16,88,33,46,20,92,77,90,96,75,54,48,61,84,92,52,0,7,93,37,72,41,60,48,15,95,57,80,56,31,27,41,23,12,20,78,64,1,39,76,38,26,39,84,76,89,69,30,27,15,68,38
91,82,94,13,32,57,20,24,91,53,73,74,72,22,56,65,46,65,97,25,73,28,10,94,79,8,53,91,68,57,56,53,50,77,19,39,49,81,62,24,13,94,48,57,32,20,49,57,2,62,34,26,40,84,31,33,20,72,11,12,77,40,13,40,23,54,89,94,89,91,44,54,15,51,18,43,98,44,71,47,35,98,64,42,26,1,29,31,76,60,19,58,17,7,29,5,7,49,79,70
55,54,57,45,67,41,46,67,97,83,20,16,60,58,18,18,11,31,81,84,24,55,7,56,78,98,73,38,58,56,71,26,7,12,1,65,6,64,36,82,66,97,49,22,31,88,52,10,23,82,3,7,43,84,77,56,55,90,87,19,61,98,77,55,49,70,30,30,7,70,75,81,30,53,75,50,7,76,69,90,55,36,79,87,57,42,88,60,79,33,21,55,32,56,19,32,72,52,72,52
85,49,59,93,43,27,43,7,88,8,13,31,34,90,45,38,1,69,60,82,12,14,17,31,59,69,82,83,48,66,64,1,37,25,34,55,77,26,30,23,49,29,90,18,49,53,56,3,26,43,58,33,46,79,88,12,6,35,52,89,48,43,64,49,7,26,56,58,86,57,92,1,44,33,96,31,93,12,8,16,36,87,30,33,60,13,40,91,29,4,46,99,98,25,22,45,92,57,78,74
57,29,16,16,50,92,34,62,49,9,47,5,8,53,85,48,85,52,91,92,53,41,42,48,8,31,39,54,74,96,49,11,87,7,57,71,93,77,28,2,53,87,85,57,89,89,22,11,80,88,83,30,33,55,10,17,52,29,77,38,94,45,87,33,6,35,27,5,57,71,33,8,92,41,96,26,88,7,44,52,59,53,94,57,65,93,64,2,7,76,54,4,48,9,27,27,62,23,77,94
68,64,90,98,36,45,75,2,40,87,83,79,33,61,45,77,59,36,51,38,54,73,47,78,73,14,28,74,68,41,22,62,26,40,75,68,53,80,70,17,53,65,53,66,54,63,94,54,6,85,91,58,24,25,86,7,12,26,63,58,98,93,64,41,54,9,47,37,48,39,85,69,46,10,14,75,73,70,32,19,26,25,95,76,69,28,34,98,16,95,20,9,97,36,62,82,94,17,33,71
53,34,60,89,66,52,66,5,99,89,78,87,50,43,57,52,32,62,77,12,29,46,28,54,46,76,43,19,72,53,73,85,27,80,99,7,81,82,56,14,22,69,12,67,83,21,9,25,68,99,49,7,95,52,53,63,40,27,13,81,7,44,90,11,62,79,100,74,67,57,11,74,86,17,55,77,45,76,54,29,88,26,59,38,13,9,59,7,13,74,7,10,48,36,80,58,3,28,26,89
18,75,86,95,31,74,98,16,7,94,60,80,50,34,54,55,16,37,97,51,84,14,41,26,93,16,21,37,59,38,69,69,99,16,85,33,34,57,21,25,48,84,86,0,9,17,91,52,82,75,67,24,4,50,7,54,43,77,49,66,100,71,67,24,69,92,54,64,9,13,65,13,53,95,17,4,79,88,41,66,37,67,27,10,56,8,58,33,37,11,66,4,83,76,52,88,1,12,88,49
64,41,86,76,37,57,74,21,52,10,95,39,75,84,61,70,70,58,100,47,70,6,2,57,0,14,66,98,73,15,21,64,75,23,22,20,6,9,99,98,17,33,19,61,80,37,27,34,1,58,68,47,51,19,62,13,39,74,48,20,96,11,67,9,58,73,39,83,53,82,53,63,98,10,90,85,13,76,58,38,48,10,2,73,27,93,82,8,89,66,32,85,81,43,54,47,96,98,84,22
79,5,36,79,95,63,96,82,93,83,61,56,44,24,17,86,9,70,17,59,12,72,83,20,25,7,6,20,38,74,26,74,3,3,81,24,82,21,69,50,9,4,50,41,53,5,72,93,16,76,34,80,20,20,33,87,44,39,64,83,40,87,44,50,8,44,15,38,60,65,16,75,59,57,40,25,70,45,32,79,12,15,41,74,62,55,61,16,81,11,65,25,77,83,15,8,8,64,38,8
73,98,94,44,32,4,20,93,27,44,21,87,67,38,75,53,64,95,65,95,100,61,96,62,100,92,41,38,10,34,34,19,85,69,87,60,64,85,84,97,69,73,77,53,64,57,21,25,34,83,32,10,59,47,70,3,68,54,75,96,4,20,81,90,55,65,20,5,24,63,53,86,75,66,49,39,18,93,34,24,68,18,7,87,65,17,19,55,65,67,88,38,29,80,8,33,21,15,72,9
51,91,89,65,88,80,91,22,52,74,2,3,68,83,96,30,74,40,58,32,96,52,40,61,89,95,94,38,56,16,35,70,2,81,57,28,15,55,97,79,35,59,15,57,14,9,81,75,10,48,17,20,81,67,36,36,83,95,17,33,62,12,18,73,92,8,88,82,65,47,90,28,17,57,10,24,99,79,63,77,67,7,7,91,55,56,86,52,28,77,43,79,35,39,93,10,25,43,25,74
15,75,94,69,38,38,36,18,19,18,12,12,57,74,29,64,79,41,52,10,16,99,63,79,84,97,42,7,42,49,75,61,22,27,12,77,26,29,35,23,17,31,9,28,28,54,87,25,62,100,50,10,96,29,28,75,7,64,95,47,12,34,98,5,94,89,96,94,25,50,2,29,94,12,84,42,67,33,91,42,84,86,86,2,48,21,70,63,74,47,67,48,54,73,59,89,70,73,12,77
3,86,55,42,68,19,42,93,42,62,97,42,32,29,50,29,81,90,85,39,23,80,29,38,91,1,89,16,10,80,94,96,98,7,83,10,99,57,2,97,19,73,70,22,91,41,45,76,23,14,87,23,9,42,48,39,90,50,89,25,37,57,60,81,48,66,13,37,16,30,6,55,21,35,50,32,43,41,62,69,35,84,40,56,8,93,96,45,76,28,36,96,50,79,50,22,89,94,94,70
2,6,98,54,5,47,12,39,28,88,11,79,63,45,95,70,89,68,19,57,38,80,16,71,24,96,36,22,12,33,2,12,43,42,37,81,92,84,20,14,5,37,84,23,21,67,64,49,84,89,50,65,65,97,76,58,85,84,50,50,28,51,69,9,29,83,46,81,12,53,28,100,27,98,70,16,59,12,1,1,19,87,65,36,16,57,4,9,89,74,80,50,28,58,81,69,11,61,80,18
38,25,28,2,24,70,65,79,12,89,18,10,6,43,81,4,66,7,10,75,2,34,97,41,24,48,42,6,24,21,63,42,11,73,36,100,40,80,75,99,79,42,99,73,88,90,11,49,93,87,2,87,96,17,85,29,26,94,14,4,61,54,42,48,81,70,86,4,80,41,19,32,43,91,63,54,41,79,47,4,46,41,12,12,1,31,11,66,39,68,73,68,7,46,23,47,95,68,50,68
13,26,21,71,15,44,19,72,46,12,57,78,91,10,55,42,58,63,44,13,15,59,89,96,76,89,5,84,67,66,82,39,86,99,3,51,14,15,11,54,48,83,60,19,50,81,0,5,40,69,19,52,61,82,26,76,20,60,64,53,67,70,21,83,46,17,18,68,81,67,78,33,43,89,9,93,59,6,69,44,27,85,47,96,4,13,5,11,29,64,78,73,10,39,76,86,62,90,84,39
78,6,77,52,10,58,67,94,17,77,49,47,30,47,12,17,76,32,97,75,47,32,98,12,71,22,74,80,68,61,60,27,63,3,38,10,55,25,17,30,23,73,29,70,91,19,27,97,79,37,87,38,46,99,15,4,26,84,35,46,50,49,65,52,3,17,81,79,64,43,38,85,31,13,58,20,22,1,28,62,48,61,44,74,8,79,71,29,87,22,5,2,54,50,97,60,70,42,57,45
14,93,5,12,56,34,15,87,66,31,59,45,76,65,28,90,9,20,69,95,15,61,27,98,35,57,0,3,15,60,54,81,85,16,98,41,93,22,62,74,6,72,12,58,91,87,9,37,21,5,21,59,13,60,65,63,89,48,61,6,82,71,35,40,42,4,56,31,89,63,58,89,88,92,4,72,55,62,6,95,61,39,99,61,57,31,60,57,63,31,22,89,99,17,83,82,13,8,62,77
79,57,99,18,100,30,54,83,94,90,50,32,55,32,82,55,55,18,3,57,45,4,28,52,3,39,27,74,31,63,97,20,22,94,21,27,8,4,4,99,24,49,66,45,61,50,86,49,42,51,22,28,55,29,12,44,49,37,76,60,83,65,66,52,4,51,29,89,48,100,36,12,43,34,70,72,38,40,4,78,61,2,55,8,40,30,96,46,5,53,38,74,69,80,34,32,35,43,98,39
35,18,82,29,20,92,97,86,43,54,84,53,13,17,23,23,83,39,68,56,18,47,2,61,12,54,4,43,77,43,40,48,12,31,81,57,51,99,90,61,64,50,53,88,61,43,87,35,13,19,9,10,32,79,33,37,81,34,34,13,1,22,41,36,80,61,86,81,23,71,12,17,73,50,35,54,96,51,29,57,31,89,78,80,67,49,4,74,24,76,11,73,27,86,23,53,12,70,52,53
28,64,31,91,41,13,71,55,3,33,83,53,88,79,23,50,49,58,80,99,50,30,7,81,100,55,70,84,96,8,89,28,90,16,72,84,48,21,23,31,44,50,11,59,20,85,47,8,62,82,42,47,82,77,95,86,1,70,31,95,23,37,41,100,56,78,90,34,60,37,37,50,90,68,33,84,46,91,77,28,89,4,12,3,3,7,46,52,29,1,38,84,80,5,29,91,76,33,16,72
8,17,89,54,71,23,31,35,69,62,60,70,81,71,59,60,21,63,78,26,35,85,97,32,66,97,71,48,18,49,17,91,86,36,30,56,18,40,27,68,89,95,71,15,58,2,74,19,89,6,5,64,15,62,0,8,3,90,63,25,57,35,86,55,90,91,34,89,86,80,79,19,20,84,6,10,4,30,67,93,27,46,71,57,62,39,100,69,56,82,91,89,15,66,43,30,28,3,78,60
10,30,95,61,65,53,29,14,77,26,29,17,63,26,36,5,25,6,22,27,66,21,6,5,7,70,12,36,83,39,81,99,38,81,71,33,54,43,4,44,20,74,16,47,69,25,61,97,24,26,26,91,86,15,24,92,98,82,13,88,35,1,26,14,58,97,96,1,30,83,29,70,38,30,58,83,66,33,75,39,31,81,4,45,34,92,36,68,21,3,30,46,86,77,35,96,46,73,83,93
7,1,18,72,74,67,33,14,28,78,0,88,40,40,87,44,34,34,60,48,89,90,100,13,4,50,39,77,56,25,8,62,19,67,18,32,2,12,15,45,54,74,19,81,71,34,36,86,37,65,32,1,40,41,16,87,62,34,90,39,88,83,89,20,41,93,84,94,17,75,85,95,30,32,82,25,8,47,86,20,41,62,5,0,7,8,2,58,90,10,67,23,39,9,68,10,63,95,87,18
47,61,77,33,78,36,18,27,62,74,74,70,60,81,27,30,79,66,13,23,92,84,86,90,41,61,64,42,65,25,77,78,53,75,77,72,77,77,31,34,26,94,30,90,17,34,29,89,40,2,2,77,6,14,46,37,23,47,12,63,10,62,89,30,16,68,53,60,72,7,53,72,9,95,95,98,83,96,0,55,95,61,58,34,37,35,75,59,14,67,7,5,44,19,37,64,94,10,54,27
25,13,32,90,100,32,48,82,27,17,58,38,23,67,58,22,35,63,67,18,81,39,70,48,92,18,16,68,25,74,27,33,25,87,24,95,71,85,19,85,29,97,24,95,67,93,5,4,89,8,72,10,37,70,93,30,79,66,87,86,55,86,7,13,16,27,20,5,58,33,56,68,38,84,76,93,8,12,21,31,28,49,25,83,96,69,48,59,92,66,66,39,51,30,20,79,17,95,32,83
71,99,22,43,56,24,14,23,19,90,15,66,76,79,19,12,50,36,62,72,18,68,54,83,53,83,21,22,63,41,60,45,6,53,67,44,10,88,65,14,47,29,73,83,18,53,33,65,87,6,26,10,65,9,65,78,92,97,86,61,46,85,14,50,59,75,2,61,0,98,23,54,93,22,20,2,22,13,92,36,36,18,5,22,74,41,93,8,12,9,86,6,23,78,79,9,2,49,14,13
91,33,57,55,6,32,97,35,71,18,33,64,98,36,91,47,53,49,38,54,9,1,71,2,16,4,24,76,73,96,91,88,71,89,36,82,77,77,11,30,49,45,11,13,10,100,6,70,98,61,60,3,8,97,38,98,36,71,7,59,7,98,12,67,11,52,29,65,98,81,7,70,93,95,1,51,38,66,35,7,56,36,37,37,78,91,7,97,9,99,72,20,99,13,24,18,89,91,20,78
25,42,7,9,88,23,47,79,59,90,84,61,47,61,25,99,71,23,72,30,52,78,3,87,1,18,20,21,20,19,97,66,53,61,25,89,36,23,7,65,17,3,41,18,51,61,52,68,95,38,25,96,71,86,4,6,43,8,3,69,38,98,66,67,87,86,91,73,76,37,85,77,23,61,30,100,46,80,7,41,30,93,91,4,9,82,94,53,48,71,11,43,91,86,16,46,95,17,12,13
55,67,24,17,79,54,19,14,7,62,88,11,15,92,50,10,45,51,87,93,28,11,14,67,49,74,39,72,81,82,34,87,72,61,79,12,89,88,2,12,11,13,31,95,22,15,8,10,68,16,62,99,4,97,35,89,5,48,76,100,64,73,42,70,12,3,91,93,48,65,57,89,5,15,90,73,12,88,7,39,94,19,94,6,19,69,37,31,99,21,77,6,65,93,70,80,5,29,61,48
73,99,11,50,70,7,61,14,80,89,46,2,44,61,17,36,30,17,35,83,45,16,44,65,95,22,81,94,30,100,12,1,6,66,49,7,59,35,56,67,21,46,74,40,39,7,38,59,29,61,68,50,7,16,30,50,65,97,28,1,33,83,53,14,58,8,62,49,77,9,15,99,91,19,49,60,36,11,92,14,56,60,10,50,96,91,68,10,36,99,66,70,54,13,78,74,84,56,46,51
81,76,68,78,91,28,83,99,89,42,3,80,82,66,28,19,19,19,14,9,98,19,59,7,3,98,74,97,84,12,95,86,31,13,40,20,92,64,29,63,6,37,22,97,40,70,34,52,32,39,16,73,32,15,81,26,6,61,15,20,100,3,38,93,99,74,55,24,87,94,73,95,18,63,32,91,75,77,84,71,9,55,100,30,52,59,61,60,98,71,49,54,82,82,27,39,44,61,29,71
74,46,66,12,9,92,28,45,85,81,19,15,61,63,28,53,88,27,84,33,35,16,98,78,96,76,53,41,80,51,19,67,33,1,95,27,97,91,60,33,91,72,9,60,68,35,18,58,47,70,12,23,50,60,21,52,11,54,86,89,65,40,99,89,24,100,67,45,81,75,53,87,45,81,80,13,68,75,8,47,5,29,87,44,80,90,11,12,71,100,34,5,91,7,56,32,70,64,63,31
32,82,43,38,11,76,50,39,99,29,2,65,79,39,92,4,91,63,54,79,98,70,61,82,88,29,55,64,80,81,15,61,12,42,42,92,41,78,100,54,10,19,26,39,95,24,35,43,21,69,4,66,26,35,43,45,75,73,75,19,96,54,55,96,32,40,52,63,24,33,45,100,64,35,27,41,76,70,62,48,16,10,45,38,23,70,82,86,31,96,19,7,79,68,25,36,31,63,31,57
24,66,47,6,60,45,10,35,14,6,28,39,89,46,51,19,91,75,44,36,14,58,77,14,25,8,69,93,52,31,97,9,94,71,83,2,66,62,21,35,83,4,45,88,29,45,36,3,55,37,19,99,46,100,95,61,11,15,40,97,34,84,30,22,83,95,39,36,95,83,91,9,78,35,4,61,16,60,61,75,23,36,46,24,50,43,17,57,30,27,26,33,63,86,67,1,65,64,24,100
55,91,50,41,37,6,53,36,6,11,19,17,44,35,65,50,94,86,94,14,57,11,94,91,69,91,1,1,11,84,56,90,46,14,59,35,97,27,14,50,49,82,86,77,34,54,87,79,2,35,28,52,45,86,16,51,95,22,62,12,81,54,63,37,68,8,19,36,35,91,59,26,48,88,96,43,50,100,31,18,57,83,7,64,54,81,53,49,14,17,1,9,64,92,11,73,88,93,95,31
41,19,53,62,96,97,31,1,32,69,84,58,83,13,97,31,65,35,12,11,7,40,75,91,40,71,94,65,65,69,15,72,16,6,31,65,91,27,39,19,39,90,85,26,13,4,71,84,31,89,78,16,5,52,11,37,28,31,58,82,33,76,80,40,20,8,32,50,93,43,61,8,9,70,18,10,26,20,84,21,97,57,63,88,24,46,31,91,14,39,76,37,83,32,10,12,30,57,11,22
5,36,97,55,63,14,40,62,47,91,46,81,18,96,71,63,75,55,17,76,23,83,64,45,23,34,37,29,56,78,64,23,99,95,13,44,27,89,72,31,91,23,90,5,4,14,48,32,16,58,68,87,56,4,98,82,72,19,0,69,16,37,35,76,55,15,56,37,52,83,50,74,26,68,33,65,41,12,82,12,76,65,53,98,25,21,70,93,78,88,25,19,11,79,32,82,59,0,2,96
4,41,25,79,90,1,84,84,11,64,37,39,77,62,68,14,62,93,96,95,91,100,8,47,24,59,68,11,5,92,52,25,98,52,44,36,65,80,47,61,24,97,57,99,68,13,25,77,68,21,59,99,34,24,39,29,7,7,25,64,57,63,30,90,53,15,41,71,58,46,21,45,2,2,33,71,12,83,47,81,36,37,65,13,50,9,24,26,42,34,79,59,73,60,71,60,93,4,17,55
44,55,90,69,84,26,96,55,41,26,52,21,66,82,69,12,88,17,3,11,53,30,9,45,74,82,98,40,19,14,10,98,13,14,65,73,69,24,31,76,9,33,35,9,3,30,76,99,57,19,59,2,21,46,16,46,40,58,15,7,69,100,25,19,77,38,68,36,87,79,55,14,55,47,46,39,66,39,8,31,90,57,24,90,69,21,62,77,92,88,65,1,63,54,87,82,82,66,59,11
60,27,70,8,27,34,62,46,63,55,92,77,58,17,34,77,44,39,89,38,53,62,12,12,78,19,70,18,32,47,16,59,42,56,91,90,63,36,0,77,18,85,22,98,92,69,77,5,12,88,97,38,48,73,50,24,54,48,84,27,16,77,47,30,35,63,83,47,24,17,88,4,64,41,83,62,28,22,82,98,11,42,47,36,31,17,67,4,86,46,93,92,96,20,69,6,6,78,77,98
96,88,17,42,82,85,7,73,84,38,62,45,2,99,38,73,97,83,100,100,2,52,55,36,7,22,100,36,10,96,54,17,88,90,46,74,56,92,90,41,72,64,42,92,51,96,50,16,23,25,82,38,61,67,66,42,99,10,82,79,77,89,95,67,46,91,48,71,40,40,79,18,43,29,42,36,39,16,4,41,7,45,94,18,48,6,94,61,10,82,27,91,5,56,16,62,69,48,12,63
10,90,39,11,61,53,54,61,7,37,2,82,61,28,54,10,48,9,25,86,76,87,8,25,52,15,95,16,90,35,74,16,61,9,81,82,21,67,50,36,36,69,29,12,24,61,53,12,99,74,21,12,61,91,8,21,51,88,57,57,58,80,4,61,72,73,12,56,81,53,10,11,56,25,29,3,68,46,41,94,25,85,18,17,39,85,6,52,18,64,42,22,79,73,88,16,12,23,7,79
45,50,23,15,91,41,97,57,76,90,50,13,16,38,72,18,88,31,57,79,33,62,23,83,19,82,54,73,80,45,55,81,69,59,96,3,33,24,3,15,65,59,20,54,73,35,43,61,43,46,24,92,8,79,24,91,11,84,87,23,71,3,13,77,55,81,58,54,9,45,67,46,26,35,66,99,1,89,40,79,43,31,49,16,91,77,19,50,70,18,100,43,29,46,97,95,16,61,44,79
10,25,23,59,70,48,94,33,23,60,86,83,59,25,21,13,45,53,50,75,17,83,96,30,36,73,32,23,97,37,51,71,80,99,46,94,29,72,54,51,35,72,63,77,8,68,90,36,22,63,11,61,12,77,18,32,26,68,69,92,1,25,68,12,14,83,43,34,15,25,2,21,40,28,13,49,38,81,28,36,50,19,57,44,91,26,57,94,90,36,39,30,73,42,55,24,3,64,76,54
