52,61,40,77,61,14,37,77,64,49,52,53,68,96,64,48,33,53,64,84,64,81,75,27,59,35,31,71,6,48,36,38,47,26,78,12,10,5,48,65,70,63,67,96,33,53,35,25,88,36,70,74,68,20,33,53,33,28,86,44,51,32,39,19,28,54,3,71,2,2,35,23,25,12,27,60,75,6,8,9,42,45,80,70,49,70,45,13,85,62,94,73,21,94,36,10,72,29,18,69
20,17,80,68,14,43,4,69,5,57,59,18,61,50,54,35,36,36,7,50,15,55,55,33,55,35,35,64,83,32,98,53,92,51,5,46,60,62,15,58,34,9,26,38,94,95,34,67,63,63,46,62,60,68,50,87,15,86,6,3,58,65,7,95,53,63,39,84,27,30,49,48,71,53,33,34,73,32,64,82,9,25,31,38,82,43,79,0,45,0,43,77,61,34,37,29,59,76,60,92
45,6,78,77,71,3,46,26,100,20,68,31,68,15,58,90,22,37,68,69,34,60,74,33,13,72,5,8,96,30,4,100,4,22,47,48,100,31,20,68,8,89,34,39,45,70,55,13,53,68,56,47,27,46,45,9,56,48,98,67,53,38,77,64,91,68,96,5,28,56,76,23,21,35,36,84,52,32,58,16,70,18,47,24,6,28,54,31,20,0,35,78,95,52,70,70,60,76,67,31
55,63,57,35,3,46,51,70,49,52,53,68,76,72,70,51,29,69,67,91,40,22,55,53,11,78,8,71,3,24,81,69,72,25,33,100,77,69,38,2,48,22,46,32,61,51,79,61,33,48,14,2,47,70,36,38,16,68,17,40,38,69,37,63,55,51,3,65,32,98,82,70,97,15,96,5,0,32,3,10,52,60,50,71,20,62,50,75,35,76,47,13,20,86,52,30,45,64,75,49
70,41,42,26,49,52,52,20,31,14,18,98,56,48,93,29,70,59,64,65,77,4,52,23,1,91,34,41,23,24,59,69,15,56,32,36,32,78,90,34,52,78,52,60,51,48,26,74,34,67,54,88,55,82,39,21,23,35,43,69,39,31,30,85,63,63,98,37,21,60,60,40,34,96,62,30,93,80,66,96,38,5,5,59,61,76,51,2,39,68,57,53,15,24,63,50,45,50,85,39
71,72,43,91,70,94,95,78,63,58,90,96,6,44,79,76,100,32,52,54,68,32,89,78,94,44,95,78,3,80,26,34,51,73,61,55,77,9,58,37,68,33,14,26,42,48,53,81,51,40,54,45,97,90,63,67,66,53,19,24,83,32,95,28,53,41,64,7,92,16,72,38,50,73,22,48,26,86,63,42,41,25,43,79,28,51,5,73,10,49,89,40,68,4,100,24,49,96,64,74
77,55,59,20,49,97,66,49,54,42,4,67,32,16,12,89,34,56,23,49,27,71,51,58,53,63,88,58,42,77,90,62,34,70,45,45,99,52,8,67,42,57,46,82,68,6,35,15,93,29,38,73,41,86,45,41,26,46,72,62,71,25,67,15,78,25,62,41,86,27,97,57,57,92,59,63,20,8,69,91,99,62,60,95,31,82,96,54,52,84,47,75,85,61,39,68,16,63,49,45
65,78,99,75,49,2,39,53,54,90,61,77,57,97,97,27,33,52,97,82,25,89,55,47,44,29,13,68,5,58,13,33,16,98,54,38,96,52,30,72,35,53,68,51,36,55,16,21,90,40,63,43,41,71,57,34,67,60,66,99,58,30,58,75,26,60,90,100,13,12,37,41,44,55,49,60,32,13,47,35,53,40,82,58,41,45,76,68,34,38,24,17,31,76,32,19,38,73,99,46
51,34,47,62,57,16,92,15,22,2,78,55,64,25,69,86,39,50,10,99,72,41,15,86,27,64,95,83,27,55,83,83,53,52,30,58,46,58,9,6,48,60,30,23,65,15,20,69,58,59,91,88,72,56,5,23,59,18,47,21,13,35,100,63,56,63,87,75,9,29,83,9,10,62,7,18,96,83,22,42,37,68,59,6,45,100,76,41,66,19,3,74,7,43,17,41,83,16,34,42
51,75,22,81,44,22,28,67,47,81,30,40,1,42,48,79,50,71,65,80,38,69,17,77,60,40,40,33,76,99,44,79,23,45,20,53,21,49,52,46,26,65,4,73,42,23,70,22,70,1,10,32,87,94,71,64,14,28,100,80,28,2,51,53,8,84,48,28,30,28,36,66,49,34,72,5,57,65,91,45,88,42,48,48,66,2,34,55,61,92,46,50,55,67,40,22,72,98,86,15
95,45,61,70,71,83,40,85,12,20,17,22,68,6,73,22,16,50,2,55,6,73,44,55,11,28,95,43,60,34,82,45,57,65,48,60,72,93,22,72,9,61,66,31,67,1,55,49,79,32,51,33,57,23,70,55,79,4,83,39,49,26,25,34,71,0,93,52,9,60,9,38,6,55,68,18,48,84,49,61,67,50,39,44,58,65,59,38,84,16,8,65,59,15,42,1,49,42,68,14
53,56,32,49,55,98,44,84,94,56,98,41,6,42,74,89,19,85,45,50,35,46,36,77,55,8,21,48,17,93,84,57,55,19,79,47,75,4,70,41,39,49,92,37,79,35,83,83,46,72,64,56,36,10,75,34,77,40,38,70,41,56,52,2,43,60,50,48,72,48,43,71,32,90,61,61,58,58,49,58,62,43,85,53,41,9,67,50,3,68,23,17,33,80,72,22,23,56,16,79
100,33,50,36,22,16,81,83,5,35,37,6,87,30,88,82,59,76,29,16,20,86,34,10,17,88,69,81,91,94,79,58,67,59,59,49,72,50,98,39,33,50,90,56,5,63,39,39,36,38,44,45,12,16,55,19,50,88,9,10,71,99,33,43,62,45,87,37,55,68,63,39,80,97,95,69,98,72,41,54,24,46,96,20,33,68,45,44,11,97,46,87,55,47,100,19,34,54,7,22
3,58,50,55,14,72,55,82,94,100,70,39,51,39,36,98,80,19,60,23,59,6,28,24,59,76,92,57,66,18,32,40,38,62,0,79,67,24,92,10,39,66,60,25,30,87,73,58,94,15,58,55,66,42,75,26,39,56,32,48,37,4,22,72,6,80,66,40,9,47,53,90,7,65,65,68,72,71,34,50,81,64,47,23,69,5,52,64,71,77,78,62,5,50,90,49,95,9,57,29
62,2,65,90,67,92,4,37,15,42,50,39,65,37,55,23,24,32,31,1,88,9,53,37,72,52,94,62,72,11,99,21,83,49,79,56,19,24,44,50,81,14,2,78,90,77,28,52,64,100,83,89,41,51,59,95,65,35,58,15,50,16,44,87,79,41,32,47,53,78,2,31,48,55,24,56,12,39,5,99,29,39,99,66,75,65,7,59,85,10,26,79,94,51,54,30,38,61,55,52
50,16,46,46,48,79,74,2,92,44,69,8,62,41,19,60,51,83,43,80,45,53,17,82,54,41,84,53,34,34,28,45,50,90,53,50,58,61,71,8,40,44,29,18,57,33,55,7,90,27,99,19,79,13,59,46,60,80,88,68,6,26,28,42,33,20,4,25,31,34,4,33,88,70,32,59,71,62,68,45,92,89,4,97,63,34,59,92,47,42,63,10,54,61,1,62,96,34,11,44
9,12,96,14,87,25,42,62,18,76,54,77,30,84,26,68,49,91,53,31,73,63,52,2,91,79,85,18,44,29,30,73,47,17,35,92,72,85,43,79,49,23,73,32,12,66,9,70,48,42,6,11,13,23,62,98,47,8,28,32,69,43,94,79,42,6,53,37,52,65,83,45,79,48,58,2,82,81,55,35,99,33,70,22,54,67,10,35,87,69,32,73,56,32,70,56,96,23,70,73
31,40,72,7,58,46,27,70,17,69,66,47,43,89,10,13,41,81,47,48,27,50,72,45,70,34,45,37,96,81,34,32,47,50,28,57,32,64,45,90,53,40,73,40,28,73,48,86,25,48,30,53,49,59,35,26,69,6,21,10,44,44,61,71,84,57,41,87,52,76,15,5,87,27,45,34,58,7,55,31,55,92,20,58,51,33,69,30,42,2,62,28,94,35,36,18,53,34,63,51
53,74,10,27,31,36,27,72,78,20,87,70,57,72,63,10,84,66,78,55,12,57,31,88,52,7,78,39,41,16,41,58,96,85,69,72,19,93,36,53,60,73,61,54,14,37,74,45,50,30,21,2,50,86,25,61,31,63,88,26,80,50,73,77,43,58,12,36,52,13,58,18,30,73,85,99,67,94,56,79,2,61,15,76,37,87,98,15,54,10,86,38,68,29,53,69,30,14,78,58
22,59,34,73,62,70,27,58,55,26,79,68,64,37,65,51,71,90,80,97,59,67,93,24,14,34,70,31,35,86,90,89,19,68,56,78,7,45,33,56,29,94,91,67,68,50,40,66,24,13,89,52,43,9,37,51,71,70,55,87,31,59,12,73,45,54,56,12,49,72,44,62,42,74,89,47,71,63,61,44,76,26,46,98,39,19,58,99,76,91,94,40,97,90,30,90,72,39,94,97
46,55,48,42,59,89,56,42,36,46,3,47,76,63,63,21,59,68,27,2,56,39,41,54,58,34,35,40,48,42,34,54,46,0,89,91,36,38,29,59,67,47,20,7,17,61,25,44,65,99,24,29,80,9,85,0,78,26,60,55,52,90,72,67,33,90,36,36,5,52,65,55,33,23,36,6,53,49,100,47,23,58,7,52,49,72,11,6,78,98,68,11,61,80,77,32,64,18,9,85
50,38,100,71,49,66,71,19,53,68,12,50,85,90,37,30,52,100,54,15,62,42,45,93,17,100,55,28,48,49,71,52,9,91,53,72,83,0,58,70,79,34,26,94,72,20,59,28,66,92,77,20,55,59,66,41,2,68,65,41,52,55,35,78,30,85,32,51,71,26,12,40,82,69,8,66,31,56,31,8,62,57,61,68,38,71,87,18,43,46,68,70,56,9,78,55,57,38,2,40
51,50,17,4,75,98,57,89,77,12,43,66,31,65,75,49,31,15,32,26,23,56,97,69,70,30,87,25,62,13,38,73,67,33,73,26,69,43,80,61,61,47,27,18,51,84,8,59,36,28,52,58,62,61,39,38,47,81,84,21,16,57,32,58,20,23,66,83,72,40,61,79,18,37,17,14,23,78,46,10,17,13,81,80,28,57,97,42,98,90,37,57,38,13,50,23,51,66,52,46
23,56,95,19,95,47,43,22,79,85,17,14,65,72,44,91,84,97,96,31,9,35,39,57,59,64,3,58,63,70,52,89,52,69,34,41,62,67,99,71,52,77,6,24,81,57,70,64,47,48,50,82,98,76,68,30,77,52,72,38,53,42,26,40,23,94,19,25,55,35,28,6,47,54,100,13,46,77,24,93,15,23,73,5,47,59,85,92,31,8,41,64,24,31,57,58,48,9,43,82
53,40,46,41,10,66,35,34,99,74,4,24,16,58,64,12,80,58,52,28,39,32,30,71,5,16,20,38,51,71,21,5,100,43,63,68,59,15,8,56,46,92,13,35,11,34,27,45,21,93,93,31,83,52,38,31,60,45,50,54,46,86,73,27,56,54,13,33,55,27,54,80,61,62,35,40,36,80,35,97,54,64,7,40,29,78,60,10,90,79,39,45,70,70,78,71,13,63,97,55
79,48,35,51,94,41,70,17,16,61,46,57,63,43,44,40,56,66,33,67,36,47,14,85,81,9,99,80,55,93,60,69,53,74,76,58,83,30,99,55,68,44,39,6,53,58,67,16,32,65,59,56,36,86,82,12,74,40,77,57,71,88,60,33,73,49,87,56,26,69,9,2,67,51,43,65,15,82,49,67,69,6,37,96,80,28,0,60,41,67,38,91,21,13,77,15,76,8,25,39
38,79,36,70,51,21,50,55,50,75,20,57,30,61,42,7,40,36,45,40,53,49,14,38,84,36,52,72,33,24,50,49,46,86,52,16,59,73,34,32,73,59,33,55,92,67,51,41,63,95,71,80,33,71,52,30,47,73,35,46,55,63,49,19,53,25,54,37,96,31,65,41,12,40,13,57,98,37,67,30,49,17,40,60,68,71,70,34,72,34,65,44,19,95,19,23,41,13,62,24
100,29,52,57,56,5,70,53,37,49,54,7,59,69,41,66,27,22,54,48,62,67,76,32,92,67,39,87,59,87,47,31,86,54,47,56,38,50,39,5,30,56,5,49,79,100,4,50,47,63,63,34,50,53,35,28,57,59,41,93,57,77,4,46,56,81,64,40,20,12,53,40,79,5,40,74,19,25,24,72,3,87,28,31,35,32,48,61,91,59,40,94,69,39,86,53,70,5,40,60
19,34,80,40,54,53,76,84,2,100,68,45,46,52,54,54,49,51,42,45,65,20,23,61,51,27,56,89,34,61,53,64,38,41,12,34,54,97,85,52,63,45,43,38,57,84,76,2,59,69,40,40,92,43,40,40,14,100,33,21,61,58,22,81,80,37,14,45,34,69,39,55,51,54,2,81,44,46,44,76,12,82,100,53,53,42,7,2,36,44,95,51,46,33,72,44,37,58,13,37
21,32,51,73,42,34,17,67,23,45,83,25,4,62,55,92,32,45,58,42,38,33,36,14,56,13,36,81,61,91,9,56,59,12,11,10,9,33,50,57,36,30,30,51,33,79,71,14,31,51,24,33,39,62,21,65,89,70,50,56,13,67,21,82,29,48,35,49,94,86,49,91,24,71,29,17,66,66,32,80,51,58,25,38,47,79,38,72,95,99,58,67,20,46,31,52,43,22,69,5
60,62,56,66,18,20,36,45,35,34,47,34,37,93,59,90,46,55,76,46,51,55,29,26,41,45,12,19,42,68,38,46,56,18,28,20,43,48,18,45,23,68,57,91,94,4,50,6,18,66,23,64,11,61,41,50,40,51,16,39,84,8,18,88,18,67,11,61,20,46,19,37,71,80,30,50,79,53,32,1,84,67,82,38,56,11,76,99,36,12,49,67,88,33,53,19,31,70,58,71
73,12,5,96,84,88,41,81,71,74,71,45,33,64,30,99,55,45,1,51,36,71,40,41,33,22,29,75,14,75,85,65,19,67,68,45,25,77,68,82,62,94,16,41,100,52,51,82,51,54,48,66,17,43,43,82,39,20,83,77,96,57,67,69,76,2,43,95,74,57,53,64,82,96,89,22,46,4,76,100,63,10,8,41,30,30,99,13,34,51,51,26,50,89,90,97,58,34,10,12
57,19,44,59,25,41,7,38,38,67,20,33,45,56,49,37,25,84,90,12,50,54,47,39,42,89,88,20,95,5,100,79,37,34,32,72,34,100,68,91,33,18,73,68,39,78,84,32,100,82,3,28,24,67,71,27,68,21,57,23,21,48,37,60,95,98,69,18,98,32,2,98,47,47,31,71,98,45,55,70,75,42,11,49,51,22,13,34,20,89,6,46,71,77,62,34,82,62,81,15
8,12,34,37,30,45,41,96,80,61,91,64,6,82,11,34,23,63,62,95,46,36,53,97,97,99,99,18,61,68,68,16,32,69,87,71,92,79,13,54,45,72,94,37,32,85,88,68,69,83,57,66,12,41,79,36,8,57,74,15,44,10,84,64,40,27,79,66,47,87,32,3,40,74,53,95,42,27,74,59,51,72,66,20,96,94,99,92,14,63,50,20,47,73,50,80,20,16,87,13
58,67,33,90,77,65,34,59,58,76,89,52,56,59,58,42,92,66,36,53,54,90,9,50,50,65,5,8,25,64,59,8,59,57,16,77,45,37,73,41,22,72,99,38,93,98,13,78,57,64,82,86,91,55,43,31,3,52,65,60,50,61,63,41,59,41,95,66,60,4,61,47,90,96,47,50,50,10,85,74,45,59,35,25,46,72,59,35,60,16,63,96,51,66,54,12,60,31,42,39
43,31,31,25,69,46,42,72,43,46,23,16,41,30,66,55,56,17,71,35,36,56,41,64,72,36,47,30,72,91,83,12,32,56,43,94,52,33,78,94,82,100,59,46,36,47,3,21,78,27,66,48,50,66,42,15,61,72,55,13,24,28,43,56,57,75,99,18,23,60,3,41,17,45,51,86,67,11,13,96,44,76,20,71,64,36,58,21,66,82,46,97,8,83,92,40,49,49,82,74
32,92,36,71,8,50,85,62,21,39,39,76,77,65,68,2,0,92,1,66,13,90,76,46,56,65,55,46,43,37,24,89,82,29,48,81,38,61,33,10,80,9,62,46,8,43,90,38,51,80,71,42,94,64,59,39,40,29,45,34,3,11,30,32,75,72,68,81,4,59,32,55,47,62,100,26,67,8,56,65,51,58,47,38,45,52,2,65,30,32,72,40,35,21,58,77,33,50,40,97
75,34,13,71,77,41,63,3,25,64,70,70,30,11,72,38,67,31,52,70,17,21,44,57,40,44,27,24,95,6,4,55,99,41,74,37,31,49,45,8,75,83,52,48,45,74,7,61,37,69,59,63,82,78,30,21,33,67,52,5,63,36,52,24,64,32,37,11,36,36,45,75,3,59,63,45,56,5,90,73,35,71,31,51,67,43,96,9,51,71,48,68,41,70,19,21,41,49,46,95
31,29,55,59,58,54,94,44,44,28,14,75,42,86,45,60,17,85,84,39,13,69,50,36,15,57,40,75,44,53,48,48,40,31,34,61,86,26,52,18,46,25,76,87,55,30,61,99,41,51,69,36,54,44,42,60,24,79,56,14,53,55,53,48,55,47,33,22,81,72,15,27,69,66,53,14,91,6,16,46,30,95,56,86,34,31,76,4,59,96,46,87,9,8,66,71,55,97,4,54
94,42,86,82,33,41,48,72,92,86,72,14,95,62,96,23,63,36,73,56,79,65,13,97,40,71,69,35,90,91,60,7,73,86,23,10,85,89,73,31,76,62,68,96,43,76,25,53,50,66,6,67,2,63,32,12,45,78,86,32,51,2,13,46,53,99,27,36,51,57,35,74,53,29,58,54,20,98,23,50,40,70,68,10,45,7,93,71,99,57,50,56,38,56,40,38,43,14,58,80
47,34,43,40,59,43,61,48,1,71,7,81,94,44,62,55,49,68,3,59,11,15,68,43,60,52,96,43,2,11,22,94,59,31,88,2,20,72,52,12,62,96,39,100,93,43,21,39,77,99,80,41,82,36,82,49,41,57,68,70,71,67,83,35,29,9,48,96,12,46,87,52,44,93,60,43,29,73,74,48,25,47,41,60,89,47,50,63,38,60,46,87,47,50,78,51,51,34,44,97
56,67,20,97,72,36,53,3,85,93,29,48,63,47,80,6,69,63,62,52,54,63,62,41,50,7,83,43,17,70,31,84,35,23,70,36,27,13,61,57,97,34,91,95,21,52,40,80,39,89,29,95,72,37,72,7,49,50,12,40,34,31,37,92,55,2,43,85,57,14,57,48,85,48,87,56,4,11,49,83,77,28,95,29,26,56,20,68,55,21,60,65,43,11,54,28,91,41,94,51
39,37,43,18,56,4,79,17,45,43,57,22,17,46,66,82,48,34,83,9,91,58,0,23,86,58,54,90,54,6,79,58,2,9,64,53,40,44,61,70,99,15,60,91,72,48,35,45,89,51,58,57,74,15,53,3,49,59,56,26,80,30,40,55,58,35,53,72,59,90,38,37,70,68,5,52,67,74,16,64,80,97,26,65,43,46,90,65,43,40,54,32,78,48,22,30,34,42,66,60
51,31,54,31,39,86,38,57,46,72,8,61,30,19,20,93,65,90,70,70,68,76,77,58,87,38,7,97,70,77,91,81,65,60,53,93,12,30,94,31,42,37,89,20,88,39,67,34,63,51,47,9,86,25,54,86,74,17,95,7,29,79,70,82,77,77,84,70,72,84,44,76,96,8,27,74,53,100,79,44,8,55,33,83,99,93,7,33,30,79,44,42,48,38,60,60,27,36,70,78
61,58,12,47,67,2,48,15,72,21,57,44,49,98,35,80,36,54,71,66,30,58,33,41,38,48,82,96,10,67,76,86,8,14,66,15,11,2,62,56,6,4,50,29,37,39,63,23,74,51,85,34,39,93,55,64,64,84,39,89,90,72,6,46,51,5,68,98,80,11,15,66,61,76,85,42,63,48,80,72,32,53,33,11,81,99,62,5,18,65,4,71,42,23,66,61,88,69,45,25
12,86,91,60,36,61,94,60,40,71,91,50,75,69,72,38,56,20,38,23,73,74,59,92,17,99,49,60,71,80,29,42,52,25,58,80,26,17,35,85,81,70,34,51,26,39,89,11,27,35,31,35,84,26,39,42,25,49,52,46,80,59,52,31,82,22,14,48,32,37,29,92,29,69,66,10,24,68,32,35,31,12,31,92,5,49,7,25,39,63,43,97,80,37,4,46,90,7,64,59
77,49,40,61,95,74,55,62,11,4,33,6,95,52,84,37,36,46,53,27,45,93,60,77,83,31,45,60,37,58,17,43,44,2,58,83,81,45,64,59,11,54,28,51,94,72,28,53,43,100,86,20,40,75,5,51,64,77,42,67,20,18,67,49,19,12,48,83,22,78,62,56,67,76,27,30,19,44,50,26,43,39,95,20,96,62,16,53,75,84,15,43,47,76,78,67,0,56,15,70
0,48,71,95,27,13,42,61,51,67,90,38,20,35,6,13,37,19,55,55,56,47,30,91,17,65,75,6,58,92,70,33,52,21,3,68,49,59,87,84,66,46,36,26,16,70,25,47,2,86,12,60,34,67,43,57,63,59,70,4,68,46,62,13,35,34,94,60,38,93,66,81,24,71,96,37,22,42,96,72,89,15,51,23,18,59,82,27,57,25,96,5,20,61,99,79,75,68,27,9
47,53,2,21,34,56,81,96,68,78,35,95,50,57,31,94,29,43,77,15,55,72,96,63,75,84,48,3,92,29,67,23,72,32,62,35,34,70,37,56,42,58,35,49,43,45,32,42,14,66,66,49,6,55,90,44,53,63,83,53,68,47,67,41,44,66,47,8,70,53,78,4,40,69,77,26,56,83,18,58,57,78,44,22,12,15,18,46,31,69,53,52,68,35,66,68,66,64,69,51
32,68,33,65,72,33,53,27,60,32,45,81,59,45,55,65,42,42,56,86,47,66,20,44,58,74,9,99,76,55,40,17,13,10,19,49,31,56,45,36,20,100,47,53,44,71,38,35,33,32,92,11,85,34,69,50,66,18,40,25,89,17,81,71,48,36,67,6,66,68,61,48,67,44,35,49,42,72,35,49,66,63,39,89,40,38,61,48,34,95,32,58,92,93,54,65,75,41,27,11
56,35,43,42,42,51,40,77,100,61,55,89,30,46,34,35,2,22,37,90,84,12,59,57,75,69,95,5,23,16,65,70,26,52,94,41,59,5,62,79,61,73,73,79,39,67,6,41,2,48,12,71,62,43,9,54,13,38,42,32,46,34,98,67,76,13,37,79,35,36,46,19,5,63,87,63,8,68,60,36,7,63,8,39,69,83,45,44,34,81,58,30,100,48,73,63,10,71,85,100
85,45,30,6,91,46,10,64,71,90,90,4,56,6,28,98,53,24,55,7,46,38,56,56,54,8,63,38,53,97,96,33,2,90,34,63,60,80,35,2,71,69,26,86,85,79,37,25,46,73,13,42,83,3,14,36,46,90,58,61,57,59,71,21,56,22,51,51,48,51,85,98,55,68,14,96,87,49,78,83,99,43,94,52,65,61,91,64,70,58,50,33,12,97,45,28,16,41,69,48
91,83,97,47,41,74,40,52,2,90,36,90,57,8,81,55,70,42,40,22,50,51,4,30,68,94,22,44,27,43,70,84,67,34,87,85,32,20,48,56,28,64,54,67,76,20,47,74,35,35,69,44,58,35,27,0,62,40,6,75,53,19,2,32,20,51,54,72,36,68,44,98,10,22,35,83,53,80,53,11,26,60,41,70,51,86,48,75,33,8,32,89,79,63,10,53,42,50,35,61
14,33,43,34,30,89,45,32,54,34,42,92,72,68,8,74,62,9,33,14,78,95,60,73,79,6,24,96,97,29,6,8,12,64,14,69,78,3,34,92,19,38,67,23,69,98,18,74,10,79,34,40,35,2,37,56,6,69,20,55,33,60,88,67,65,78,39,70,74,39,61,74,43,31,70,65,36,63,4,75,45,53,23,61,40,59,52,41,97,48,67,47,28,52,90,99,48,41,69,94
9,48,7,21,11,88,67,96,22,59,10,92,40,80,2,45,64,93,63,72,55,55,70,56,41,14,23,97,41,36,37,38,3,32,56,46,90,83,80,10,40,40,36,19,86,14,91,42,16,88,55,46,20,14,77,90,74,53,32,70,39,62,70,30,22,7,15,59,50,41,38,48,15,73,35,2,34,31,27,41,45,90,98,78,64,23,61,76,60,48,61,84,76,11,47,52,49,15,46,38
69,82,16,13,32,35,98,46,13,53,51,74,50,22,34,43,46,65,19,47,73,28,10,72,79,86,31,69,46,35,34,53,50,77,19,39,71,81,62,24,35,16,70,35,54,20,71,35,24,62,34,26,62,84,31,55,42,50,11,90,55,62,91,40,45,54,67,16,89,91,66,32,15,29,18,65,98,66,49,69,35,20,42,42,48,79,29,53,76,38,19,36,17,7,29,5,7,49,79,70
55,32,35,67,67,41,46,45,19,83,20,38,60,36,18,40,11,53,81,62,24,33,29,34,56,20,73,38,36,34,71,26,29,34,79,43,84,64,36,60,44,97,49,22,53,88,30,88,23,4,3,7,43,62,55,34,55,68,65,41,39,98,77,55,71,48,30,52,7,48,53,81,30,53,75,50,29,54,69,90,33,36,1,87,57,64,66,38,1,55,99,55,54,34,19,32,72,30,72,30
63,49,59,93,43,49,65,7,88,8,91,53,34,90,45,38,23,69,60,82,90,92,95,31,37,47,82,83,70,66,64,79,37,25,34,55,77,48,30,45,71,51,68,96,71,53,56,81,26,43,36,33,46,57,88,12,6,57,30,11,70,65,42,49,85,48,56,58,8,57,70,23,44,55,96,53,71,34,8,16,36,87,30,55,38,13,62,13,51,4,68,99,76,47,44,45,70,35,0,52
57,29,16,16,50,14,56,62,71,31,47,27,8,53,63,70,63,52,13,92,31,41,64,48,30,31,61,32,74,96,49,11,9,29,57,49,93,77,50,2,53,9,7,35,11,67,22,11,58,66,61,30,33,33,10,95,52,29,55,60,94,67,9,55,6,57,49,83,35,71,33,8,92,63,96,48,88,85,44,30,59,53,94,35,65,71,42,2,29,54,32,82,70,9,49,49,62,23,77,72
46,64,90,98,58,67,53,2,40,87,83,79,33,61,67,55,37,58,51,38,32,51,69,56,51,92,50,52,68,63,22,40,26,62,75,46,53,80,48,17,53,43,53,44,54,63,16,54,6,63,13,36,24,25,86,7,12,48,63,58,98,15,42,63,32,87,47,59,48,39,85,47,68,32,14,75,51,48,54,97,48,47,17,54,69,28,34,76,94,95,42,9,19,36,62,82,72,95,33,71
53,34,60,11,66,30,44,5,99,67,78,87,72,43,35,52,32,40,55,34,51,46,50,54,68,76,43,41,50,53,51,85,49,2,99,7,81,82,56,14,22,47,12,45,5,21,31,47,68,21,49,7,73,52,53,63,40,27,91,81,7,66,12,11,62,1,100,52,67,35,33,52,86,95,55,77,45,76,32,29,10,26,37,60,91,31,37,7,35,74,7,10,70,36,80,58,3,28,48,67
18,53,86,95,53,74,20,38,7,16,60,58,50,56,32,55,16,37,97,51,84,92,63,48,93,94,21,37,59,60,69,47,21,16,63,33,56,57,43,47,70,62,86,78,9,39,13,30,60,75,45,24,82,72,7,54,65,55,71,66,100,49,45,24,47,14,32,64,9,91,43,35,53,95,39,4,79,88,63,66,37,67,27,88,34,8,58,33,37,33,66,4,61,76,52,88,23,12,10,71
42,41,8,76,37,35,74,43,52,10,95,39,75,84,39,48,70,58,100,47,70,6,2,35,22,92,66,98,51,15,21,64,75,45,22,20,28,9,99,20,17,33,19,61,58,37,27,56,23,58,68,47,51,19,40,13,61,74,70,42,74,33,67,9,36,73,39,83,31,82,53,41,76,10,12,7,13,54,36,38,48,10,2,51,49,71,82,86,89,44,54,7,59,65,54,69,74,20,84,22
1,83,36,57,95,63,96,60,15,83,61,34,44,24,95,86,31,48,17,37,34,72,61,20,25,7,84,42,60,52,26,74,81,25,81,46,82,21,69,72,9,4,72,63,53,5,72,93,16,54,34,58,42,98,55,9,44,39,42,83,62,65,44,50,8,66,37,60,38,65,16,75,37,57,62,47,48,67,54,1,12,93,41,74,40,55,61,94,81,89,43,25,55,83,93,86,8,42,60,86
73,98,72,66,54,4,20,93,49,66,21,9,45,60,75,31,42,95,43,73,100,61,96,40,100,14,63,60,88,34,34,19,85,47,9,38,42,85,84,97,69,51,77,31,42,57,21,25,34,83,54,32,37,69,70,81,46,54,53,74,4,42,81,90,33,43,20,5,24,41,31,86,53,66,71,61,18,15,56,46,68,40,7,9,43,39,41,33,43,67,88,38,51,80,8,33,43,37,72,9
51,13,67,43,88,80,91,22,52,74,80,3,68,83,96,30,74,40,36,54,74,52,40,39,67,17,72,38,56,38,57,48,2,59,57,50,15,55,97,1,35,37,15,35,36,9,3,53,10,70,95,98,3,67,58,36,83,95,17,33,40,90,96,51,92,8,88,82,43,47,90,28,17,57,32,46,99,57,41,55,45,29,7,91,55,34,86,52,28,77,43,57,35,61,93,10,47,65,25,74
37,75,72,69,38,38,36,96,97,18,34,34,57,74,51,64,1,63,52,88,16,77,41,79,62,75,64,7,42,49,53,61,100,49,12,55,26,51,57,23,39,31,87,50,28,54,87,25,40,22,50,32,74,29,28,75,7,64,95,69,12,56,20,5,94,11,96,72,25,50,80,51,16,12,6,42,45,33,13,42,84,8,86,80,48,99,48,63,52,69,45,48,32,73,37,89,48,73,12,55
25,64,55,42,68,19,64,15,42,62,75,64,54,29,72,51,81,90,7,61,23,58,51,38,91,23,11,38,10,80,72,96,98,29,5,88,99,57,2,97,97,73,48,22,91,63,45,54,45,14,87,45,9,64,70,61,68,72,89,47,59,57,38,81,48,44,35,37,94,30,6,55,21,35,72,54,65,63,62,69,57,84,62,34,86,93,96,67,54,28,36,18,72,79,72,44,11,94,72,70
24,6,98,32,27,69,12,39,50,88,33,79,41,67,73,70,67,68,97,57,38,2,16,71,24,74,36,22,34,55,80,12,65,64,37,81,70,6,20,92,5,59,84,45,21,67,42,71,62,11,72,43,65,19,76,58,63,84,72,72,50,51,69,31,51,61,68,81,12,53,28,100,27,20,70,16,37,34,79,79,97,87,43,58,94,35,26,87,11,52,80,72,50,58,81,69,33,39,80,40
60,25,50,2,46,70,43,79,12,67,18,10,28,43,81,4,44,85,32,75,80,34,97,63,46,70,42,6,46,99,63,64,11,73,58,22,62,2,53,77,57,42,21,51,10,90,89,49,15,87,2,9,74,17,63,29,26,94,14,4,61,54,64,70,3,70,86,26,2,63,41,54,65,13,41,54,41,79,69,4,46,41,12,90,23,53,33,44,61,46,73,68,7,46,23,47,95,46,72,46
13,48,21,49,37,66,19,72,46,34,57,78,91,10,33,64,36,63,44,13,15,59,89,96,76,11,5,6,45,44,4,61,64,99,3,51,92,93,11,54,48,61,38,41,72,59,22,5,62,47,41,30,61,60,48,54,42,38,42,31,45,48,43,83,46,39,18,46,59,67,0,33,43,89,31,93,37,28,69,66,49,85,47,96,82,13,5,11,51,42,56,73,88,61,54,86,62,68,84,61
56,28,55,52,10,36,45,16,17,55,49,47,52,69,12,17,76,32,97,53,47,54,20,34,71,22,74,2,68,61,60,49,63,25,60,32,33,25,17,30,23,51,51,70,69,41,27,97,79,59,87,60,46,21,37,4,26,84,35,46,50,49,65,30,25,17,81,1,64,43,60,7,31,13,36,20,44,23,50,62,48,39,44,52,86,79,71,51,65,22,27,2,32,50,97,38,48,42,35,67
14,71,83,90,56,56,15,87,66,31,59,45,76,65,50,12,87,20,47,73,15,61,27,98,57,57,78,81,15,38,32,59,85,16,98,63,93,100,40,74,28,50,34,58,91,87,9,37,21,27,21,59,13,38,43,63,67,70,39,6,82,71,35,40,42,4,56,31,89,63,58,67,10,92,26,50,33,62,6,73,39,61,99,39,57,31,38,35,63,53,100,11,21,39,61,82,13,86,62,77
79,35,99,18,22,52,54,61,94,12,72,54,33,32,82,55,55,18,3,57,45,4,28,52,81,61,27,52,31,41,19,98,22,94,21,27,8,26,4,99,24,71,66,45,39,72,8,49,64,51,100,50,55,29,34,44,71,59,54,38,83,65,66,52,4,51,29,11,70,22,36,12,65,34,70,50,60,40,26,78,39,24,33,86,62,30,18,46,27,31,60,74,69,80,56,32,35,65,76,39
35,40,4,51,20,92,97,8,65,54,84,31,35,17,23,45,83,61,46,34,96,47,24,61,90,32,4,43,55,65,40,48,34,31,81,35,51,21,12,39,42,50,31,88,61,43,9,35,35,97,31,10,32,1,33,59,81,56,34,13,79,22,41,36,2,39,8,59,23,49,34,95,51,72,35,54,96,51,29,35,53,11,78,80,67,71,4,52,46,54,11,51,49,86,23,31,12,48,52,31
28,42,31,13,41,13,49,33,81,55,5,31,88,79,45,72,49,58,58,99,72,30,29,81,100,55,70,62,96,86,11,28,68,16,50,62,70,21,23,53,66,72,89,59,98,7,69,8,62,82,64,47,4,77,95,86,79,70,53,73,23,37,63,22,56,0,90,56,38,59,59,72,68,68,33,84,46,69,55,28,89,4,90,25,25,7,68,30,51,23,60,84,80,83,29,91,76,33,16,72
30,17,67,32,49,23,31,57,47,40,38,70,59,49,59,60,99,41,78,26,35,85,97,32,66,19,49,48,18,71,17,13,86,58,30,34,18,40,49,68,89,95,49,93,58,24,74,41,11,28,27,64,15,40,22,86,3,90,41,25,57,35,64,55,90,91,34,11,86,80,1,19,20,84,6,32,4,30,67,93,49,68,49,35,40,61,100,69,34,82,69,11,15,66,65,52,28,3,78,38
32,30,95,61,65,31,29,92,77,26,29,17,41,26,58,5,25,84,22,27,44,43,28,27,85,70,12,58,61,39,59,77,38,59,71,55,54,43,4,44,20,52,16,69,47,25,61,75,46,48,26,69,86,37,24,92,76,60,13,88,35,23,26,36,58,97,96,79,30,83,29,70,60,30,58,83,66,33,75,39,53,81,4,45,34,92,36,68,21,25,52,68,86,55,35,96,46,51,5,93
29,23,18,50,74,45,33,36,50,56,78,88,40,62,87,44,34,34,38,70,89,90,100,13,4,72,61,77,56,47,30,62,41,67,18,32,24,12,15,45,32,52,19,81,71,34,36,64,59,43,54,79,62,41,38,65,40,56,68,61,88,83,89,98,63,71,62,94,39,53,85,17,52,54,82,47,30,47,8,20,41,62,5,22,29,30,24,36,90,10,67,23,61,9,46,10,41,73,65,18
47,39,55,33,56,36,18,49,62,74,52,70,60,59,27,30,57,44,35,45,14,84,8,12,41,39,64,42,43,25,77,0,53,75,77,72,55,55,31,34,26,16,30,90,95,56,51,11,62,2,24,77,28,92,68,37,23,69,34,63,88,40,89,30,94,46,53,38,50,85,53,50,87,17,73,76,5,74,22,33,73,61,36,56,59,35,53,37,36,67,29,83,44,41,59,42,94,10,54,49
25,91,54,12,100,54,70,82,27,17,58,38,23,67,36,22,35,41,45,18,81,39,48,70,92,18,38,46,25,52,27,33,25,87,46,95,71,63,97,85,29,75,24,95,45,71,27,82,67,86,50,88,59,70,93,52,57,44,87,8,33,86,7,13,16,49,42,5,36,55,34,68,60,84,54,93,86,12,99,53,50,71,25,61,96,69,48,59,92,44,66,61,51,52,20,57,17,95,54,83
71,21,100,65,56,46,92,45,19,90,37,66,76,79,97,12,72,58,62,50,18,68,54,61,31,83,43,44,41,41,38,45,84,31,45,66,32,66,43,14,47,29,73,83,18,31,33,43,65,6,26,10,65,9,43,0,92,19,86,61,68,85,14,72,59,75,80,61,78,98,45,32,15,100,98,2,100,13,70,58,36,18,27,22,52,63,93,30,90,9,8,6,23,56,57,31,80,49,92,13
91,55,35,55,84,54,75,57,49,40,33,64,20,58,69,69,53,71,60,32,9,23,49,2,38,26,24,54,51,74,13,66,49,89,58,82,55,77,89,30,71,45,89,35,88,100,6,70,98,39,38,81,30,97,38,76,58,49,7,37,7,98,12,45,33,30,29,43,76,59,29,48,15,17,23,51,60,44,57,7,56,36,37,59,78,13,7,97,9,77,72,20,99,13,24,18,89,91,20,78
47,64,85,9,10,23,69,1,59,90,62,39,69,39,47,99,49,23,72,30,30,0,3,87,23,18,20,99,98,97,19,44,53,61,25,11,58,23,7,43,95,3,41,18,51,61,30,68,95,38,47,18,71,64,4,28,43,8,25,47,38,98,44,67,87,86,91,73,76,37,85,55,23,61,52,78,46,58,7,63,52,93,91,4,31,82,94,31,48,71,11,43,69,86,94,68,73,17,90,91
55,67,46,95,79,32,41,36,7,62,10,89,37,92,50,32,45,51,65,71,50,11,92,67,49,52,61,72,81,82,56,65,50,39,57,12,67,88,24,34,11,91,31,95,22,93,8,32,68,38,40,21,4,19,35,67,5,70,54,100,42,51,64,48,12,25,69,93,48,65,35,89,5,15,68,51,12,66,7,39,72,97,72,84,41,47,59,53,77,43,77,6,43,71,48,80,5,51,39,70
73,77,89,72,70,29,61,14,58,67,68,24,66,39,95,58,52,95,35,5,67,16,66,65,17,22,81,94,30,100,90,79,28,66,49,7,59,35,56,67,99,46,52,40,61,29,38,59,51,39,68,50,85,16,52,72,43,75,28,23,55,83,31,14,58,8,62,71,77,9,93,21,13,41,71,38,58,11,92,14,34,38,10,72,18,69,68,10,58,99,66,70,54,13,0,74,84,56,46,51
3,54,46,78,91,50,5,21,89,42,81,58,60,44,50,19,19,97,14,31,98,97,59,29,81,20,74,19,84,12,95,86,31,91,40,42,92,64,29,63,6,37,44,19,62,48,56,52,54,61,38,51,32,15,81,48,28,39,15,98,22,3,60,71,21,52,55,24,9,72,73,73,18,63,32,91,75,77,6,71,31,55,22,52,30,59,61,60,20,71,71,32,82,82,27,61,44,39,51,71
74,68,66,90,87,14,50,67,63,3,97,37,39,41,28,53,88,27,84,33,57,38,76,0,74,54,31,41,2,51,19,67,55,79,73,49,97,13,38,33,69,50,9,38,46,57,40,36,69,48,34,45,50,38,43,52,11,32,86,11,43,62,21,67,46,100,67,67,59,75,31,65,45,81,2,13,46,53,8,69,27,29,87,66,2,12,33,12,71,78,34,5,91,85,34,54,48,64,63,31
54,60,65,38,11,54,50,39,99,29,2,65,57,61,70,26,91,63,32,79,20,48,39,82,88,51,55,42,2,81,93,39,12,64,64,92,41,56,78,32,32,19,48,61,95,46,57,65,99,47,82,66,48,35,43,45,75,73,75,97,74,54,33,96,32,62,52,41,46,55,67,78,42,57,49,63,54,48,40,70,94,32,45,38,45,48,82,86,31,96,19,29,79,46,47,36,31,63,53,35
46,66,69,6,60,67,10,57,14,6,50,61,11,46,51,19,91,53,66,58,92,58,77,92,47,86,69,15,30,31,97,9,94,71,83,2,44,62,43,57,61,26,67,10,29,45,58,3,55,37,97,21,68,100,73,39,11,93,62,97,56,84,30,22,61,73,61,58,95,83,91,31,0,57,4,39,94,60,61,75,45,58,46,24,72,43,39,57,30,27,26,55,41,86,67,79,65,42,46,100
55,13,50,41,37,6,31,36,6,33,41,17,44,35,65,72,94,86,94,92,35,33,94,69,69,91,23,23,89,84,56,68,68,92,37,57,19,27,36,72,49,4,8,55,34,54,9,79,2,57,28,30,45,86,38,51,73,100,40,90,81,54,63,59,46,30,19,58,57,13,37,48,70,10,96,43,50,100,31,18,57,83,85,42,32,3,53,49,14,95,79,31,64,92,11,51,66,93,73,31
41,19,53,62,96,97,31,23,54,69,84,58,83,13,97,31,65,57,34,89,7,40,75,91,62,49,94,43,65,69,37,50,16,84,31,65,91,49,39,19,39,12,63,26,13,82,49,62,31,89,56,94,5,52,33,37,28,53,36,82,33,54,80,40,20,86,54,72,93,65,61,8,87,48,40,10,48,98,84,99,75,57,41,88,24,46,53,69,92,61,76,37,83,32,10,90,52,57,11,22
27,36,75,33,41,36,62,40,47,91,46,59,96,18,71,41,53,55,95,76,23,83,42,67,23,34,59,29,34,78,42,45,21,95,35,44,49,89,50,53,13,45,90,83,26,36,70,32,16,36,46,87,56,82,98,82,50,41,22,69,38,37,57,76,55,15,56,37,30,83,72,52,48,46,33,43,63,12,4,12,76,65,53,20,25,43,70,93,78,66,25,97,11,79,54,60,59,22,24,96
82,63,25,79,90,23,6,62,33,64,37,61,77,62,46,14,62,93,18,17,13,22,8,69,24,59,68,89,83,70,30,47,20,30,66,58,43,80,69,61,24,97,57,99,46,35,25,77,46,43,59,99,56,24,39,51,7,29,25,64,57,41,52,90,53,15,63,49,36,68,99,67,80,24,33,49,90,5,47,3,58,37,43,91,50,87,46,26,64,34,1,37,51,60,49,60,93,4,39,33
44,55,12,69,84,26,96,55,63,26,52,21,44,82,69,90,10,39,81,11,31,30,9,45,74,82,98,40,19,92,88,98,35,14,43,73,47,24,31,54,87,55,57,9,3,30,54,99,57,97,59,2,21,68,94,46,40,36,93,29,69,78,25,97,77,38,46,36,65,1,33,14,55,47,68,39,66,61,30,53,68,57,46,68,47,99,62,77,92,10,43,79,41,32,87,4,60,66,59,89
60,27,70,8,49,56,40,68,41,33,14,55,36,17,34,77,66,61,89,60,31,40,12,12,78,41,48,96,32,47,16,37,42,56,13,90,41,36,78,77,96,85,22,20,92,47,77,83,34,66,97,38,70,73,50,24,54,70,62,27,16,55,69,30,57,41,61,47,24,95,88,26,42,41,83,40,28,44,82,76,33,42,69,36,31,39,67,4,86,46,93,92,96,20,47,84,6,78,77,98
18,10,95,42,82,85,29,73,84,38,40,45,2,99,38,51,75,61,100,78,24,52,55,36,85,22,22,36,10,96,32,39,88,90,46,74,56,70,12,63,72,42,42,92,51,74,50,38,45,25,82,60,39,45,44,42,99,10,82,1,55,89,95,67,46,13,70,71,40,40,57,18,65,51,64,58,39,38,26,63,7,45,94,18,48,84,94,39,88,82,49,13,83,34,16,40,47,70,90,41
10,90,61,33,61,31,54,39,7,37,80,4,39,50,54,32,70,31,25,8,76,87,8,25,52,15,95,38,68,57,52,16,61,87,59,4,99,45,72,36,58,47,51,12,24,61,53,12,77,52,99,34,39,91,8,21,51,66,35,35,36,80,82,39,50,51,12,56,3,53,10,33,34,47,29,25,68,46,41,94,25,85,96,17,39,7,6,52,18,42,64,22,57,73,88,16,90,23,29,79
45,50,45,15,13,41,75,35,76,90,50,13,38,38,72,18,88,31,57,79,33,40,45,61,41,60,54,51,80,67,33,3,69,37,96,3,55,24,3,15,43,59,98,32,73,35,43,61,43,46,46,92,8,79,24,69,11,84,9,45,71,3,35,77,33,59,36,32,31,45,45,68,26,35,66,99,79,89,40,79,65,31,49,94,13,55,19,72,48,18,100,43,51,46,97,17,38,39,44,57
88,25,45,59,70,48,72,55,23,60,8,83,59,25,99,35,67,53,50,53,17,83,18,30,36,73,32,23,97,59,51,49,2,99,68,72,51,50,54,51,35,50,63,77,30,46,68,58,22,41,11,39,90,55,18,32,48,68,69,14,79,47,68,12,36,83,65,56,15,25,24,43,40,28,35,49,38,81,50,58,72,19,57,66,13,26,57,72,68,36,39,30,51,42,33,24,25,64,76,32
