> assign100.txt | n=100 | Count=30 | Seeds=[3977932950, 2977138497, 3574856790, 2638429600, 2058905258, 3182282959, 2507286822, 4262871977, 2802712684, 2044407649, 269478160, 1305131626, 1161723752, 3867085472, 3498803833, 2780040994, 786961640, 4145857063, 1109607973, 93790668, 2903480363, 2973684152, 601988904, 3685980149, 3617406453, 1762841863, 3960042926, 1104656630, 2322331888, 947703261]
0.0		0.0		10.0		0.0		1.0
0.0		0.0		30.0		0.0		1.0
0.0		0.0		50.0		0.0		1.0
0.0		0.1		10.0		3.1622776601683795		1.270601092896175
0.0		0.1		30.0		9.486832980505138		1.7876502732240431
0.0		0.1		50.0		15.811388300841896		3.4666666666666672
0.0		0.2		10.0		4.47213595499958		1.5596721311475412
0.0		0.2		30.0		13.416407864998739		2.6724590163934425
0.0		0.2		50.0		22.360679774997898		5.80065573770492
0.0		0.3		10.0		5.477225575051661		1.8277595628415304
0.0		0.3		30.0		16.431676725154983		3.5970491803278692
0.0		0.3		50.0		27.386127875258307		7.582732240437159
0.0		0.4		10.0		6.324555320336759		2.1558469945355183
0.0		0.4		30.0		18.973665961010276		4.382841530054645
0.0		0.4		50.0		31.622776601683793		9.65431693989071
0.0		0.5		10.0		7.0710678118654755		2.4245901639344263
0.0		0.5		30.0		21.213203435596427		5.339672131147541
0.0		0.5		50.0		35.35533905932738		11.41890710382514
0.25		0.0		10.0		0.0		1.0
0.25		0.0		30.0		0.0		1.0
0.25		0.0		50.0		0.0		1.0
0.25		0.1		10.0		2.7386127875258306		1.2201092896174863
0.25		0.1		30.0		8.215838362577491		1.5786885245901638
0.25		0.1		50.0		13.693063937629153		2.9361748633879783
0.25		0.2		10.0		3.872983346207417		1.4200000000000002
0.25		0.2		30.0		11.61895003862225		2.243497267759563
0.25		0.2		50.0		19.364916731037084		4.619672131147541
0.25		0.3		10.0		4.743416490252569		1.6496174863387976
0.25		0.3		30.0		14.230249470757707		2.9077595628415307
0.25		0.3		50.0		23.717082451262844		6.208415300546447
0.25		0.4		10.0		5.477225575051661		1.8908196721311474
0.25		0.4		30.0		16.431676725154983		3.545573770491804
0.25		0.4		50.0		27.386127875258307		7.638907103825137
0.25		0.5		10.0		6.123724356957945		2.108196721311476
0.25		0.5		30.0		18.371173070873837		4.179016393442621
0.25		0.5		50.0		30.618621784789728		8.839781420765027
0.5		0.0		10.0		0.0		1.0
0.5		0.0		30.0		0.0		1.0
0.5		0.0		50.0		0.0		1.0
0.5		0.1		10.0		2.23606797749979		1.1491803278688526
0.5		0.1		30.0		6.708203932499369		1.3795628415300547
0.5		0.1		50.0		11.180339887498949		2.333224043715847
0.5		0.2		10.0		3.1622776601683795		1.28448087431694
0.5		0.2		30.0		9.486832980505138		1.8007650273224047
0.5		0.2		50.0		15.811388300841896		3.381420765027322
0.5		0.3		10.0		3.872983346207417		1.4565027322404367
0.5		0.3		30.0		11.61895003862225		2.2059016393442628
0.5		0.3		50.0		19.364916731037084		4.449180327868853
0.5		0.4		10.0		4.47213595499958		1.5984699453551912
0.5		0.4		30.0		13.416407864998739		2.6626229508196726
0.5		0.4		50.0		22.360679774997898		5.340983606557377
0.5		0.5		10.0		5.0		1.7728961748633882
0.5		0.5		30.0		15.0		3.185901639344263
0.5		0.5		50.0		25.0		6.1991256830601085
0.75		0.0		10.0		0.0		1.0
0.75		0.0		30.0		0.0		1.0
0.75		0.0		50.0		0.0		1.0
0.75		0.1		10.0		1.5811388300841898		1.0656830601092895
0.75		0.1		30.0		4.743416490252569		1.2581420765027322
0.75		0.1		50.0		7.905694150420948		1.676393442622951
0.75		0.2		10.0		2.23606797749979		1.137814207650273
0.75		0.2		30.0		6.708203932499369		1.4575956284153009
0.75		0.2		50.0		11.180339887498949		2.2062295081967216
0.75		0.3		10.0		2.7386127875258306		1.2086338797814207
0.75		0.3		30.0		8.215838362577491		1.6183606557377048
0.75		0.3		50.0		13.693063937629153		2.7274316939890704
0.75		0.4		10.0		3.1622776601683795		1.2761748633879781
0.75		0.4		30.0		9.486832980505138		1.8513661202185792
0.75		0.4		50.0		15.811388300841896		3.1810928961748632
0.75		0.5		10.0		3.5355339059327378		1.3820765027322406
0.75		0.5		30.0		10.606601717798213		2.0633879781420763
0.75		0.5		50.0		17.67766952966369		3.450273224043717
1.0		0.0		10.0		0.0		1.0
1.0		0.0		30.0		0.0		1.0
1.0		0.0		50.0		0.0		1.0
1.0		0.1		10.0		0.0		1.0
1.0		0.1		30.0		0.0		1.0
1.0		0.1		50.0		0.0		1.0
1.0		0.2		10.0		0.0		1.0
1.0		0.2		30.0		0.0		1.0
1.0		0.2		50.0		0.0		1.0
1.0		0.3		10.0		0.0		1.0
1.0		0.3		30.0		0.0		1.0
1.0		0.3		50.0		0.0		1.0
1.0		0.4		10.0		0.0		1.0
1.0		0.4		30.0		0.0		1.0
1.0		0.4		50.0		0.0		1.0
1.0		0.5		10.0		0.0		1.0
1.0		0.5		30.0		0.0		1.0
1.0		0.5		50.0		0.0		1.0
> assign200.txt | n=200 | Count=30 | Seeds=[3977932950, 2977138497, 3574856790, 2638429600, 2058905258, 3182282959, 2507286822, 4262871977, 2802712684, 2044407649, 269478160, 1305131626, 1161723752, 3867085472, 3498803833, 2780040994, 786961640, 4145857063, 1109607973, 93790668, 2903480363, 2973684152, 601988904, 3685980149, 3617406453, 1762841863, 3960042926, 1104656630, 2322331888, 947703261]
0.0		0.0		10.0		0.0		1.0
0.0		0.0		30.0		0.0		1.0
0.0		0.0		50.0		0.0		1.0
0.0		0.1		10.0		3.1622776601683795		1.474175438596491
0.0		0.1		30.0		9.486832980505138		2.399017543859648
0.0		0.1		50.0		15.811388300841896		5.5345964912280685
0.0		0.2		10.0		4.47213595499958		1.9391578947368429
0.0		0.2		30.0		13.416407864998739		3.7301052631578946
0.0		0.2		50.0		22.360679774997898		9.04091228070175
0.0		0.3		10.0		5.477225575051661		2.2910175438596494
0.0		0.3		30.0		16.431676725154983		4.9059649122807025
0.0		0.3		50.0		27.386127875258307		11.892491228070178
0.0		0.4		10.0		6.324555320336759		2.689543859649122
0.0		0.4		30.0		18.973665961010276		6.159789473684211
0.0		0.4		50.0		31.622776601683793		14.434175438596496
0.0		0.5		10.0		7.0710678118654755		3.100280701754386
0.0		0.5		30.0		21.213203435596427		7.208842105263159
0.0		0.5		50.0		35.35533905932738		16.31571929824562
0.25		0.0		10.0		0.0		1.0
0.25		0.0		30.0		0.0		1.0
0.25		0.0		50.0		0.0		1.0
0.25		0.1		10.0		2.7386127875258306		1.331578947368421
0.25		0.1		30.0		8.215838362577491		2.1153684210526325
0.25		0.1		50.0		13.693063937629153		4.293122807017545
0.25		0.2		10.0		3.872983346207417		1.6862456140350877
0.25		0.2		30.0		11.61895003862225		3.1059649122807014
0.25		0.2		50.0		19.364916731037084		6.942175438596491
0.25		0.3		10.0		4.743416490252569		2.003017543859649
0.25		0.3		30.0		14.230249470757707		3.9850526315789474
0.25		0.3		50.0		23.717082451262844		9.193614035087716
0.25		0.4		10.0		5.477225575051661		2.2638596491228076
0.25		0.4		30.0		16.431676725154983		4.977263157894737
0.25		0.4		50.0		27.386127875258307		10.92182456140351
0.25		0.5		10.0		6.123724356957945		2.5899649122807014
0.25		0.5		30.0		18.371173070873837		5.7872982456140365
0.25		0.5		50.0		30.618621784789728		12.520350877192982
0.5		0.0		10.0		0.0		1.0
0.5		0.0		30.0		0.0		1.0
0.5		0.0		50.0		0.0		1.0
0.5		0.1		10.0		2.23606797749979		1.2261052631578948
0.5		0.1		30.0		6.708203932499369		1.7314385964912284
0.5		0.1		50.0		11.180339887498949		3.218947368421054
0.5		0.2		10.0		3.1622776601683795		1.4304561403508773
0.5		0.2		30.0		9.486832980505138		2.356842105263159
0.5		0.2		50.0		15.811388300841896		4.951929824561403
0.5		0.3		10.0		3.872983346207417		1.647157894736842
0.5		0.3		30.0		11.61895003862225		3.0048421052631578
0.5		0.3		50.0		19.364916731037084		6.478315789473681
0.5		0.4		10.0		4.47213595499958		1.8572631578947372
0.5		0.4		30.0		13.416407864998739		3.5852631578947376
0.5		0.4		50.0		22.360679774997898		7.648842105263159
0.5		0.5		10.0		5.0		2.0405614035087707
0.5		0.5		30.0		15.0		4.215789473684209
0.5		0.5		50.0		25.0		8.621192982456137
0.75		0.0		10.0		0.0		1.0
0.75		0.0		30.0		0.0		1.0
0.75		0.0		50.0		0.0		1.0
0.75		0.1		10.0		1.5811388300841898		1.1249122807017544
0.75		0.1		30.0		4.743416490252569		1.3807719298245613
0.75		0.1		50.0		7.905694150420948		2.121192982456141
0.75		0.2		10.0		2.23606797749979		1.2288421052631584
0.75		0.2		30.0		6.708203932499369		1.6767719298245614
0.75		0.2		50.0		11.180339887498949		2.9903157894736845
0.75		0.3		10.0		2.7386127875258306		1.3280701754385966
0.75		0.3		30.0		8.215838362577491		2.0322807017543862
0.75		0.3		50.0		13.693063937629153		3.7580350877192985
0.75		0.4		10.0		3.1622776601683795		1.4463859649122808
0.75		0.4		30.0		9.486832980505138		2.3985263157894736
0.75		0.4		50.0		15.811388300841896		4.354807017543858
0.75		0.5		10.0		3.5355339059327378		1.557473684210526
0.75		0.5		30.0		10.606601717798213		2.625543859649123
0.75		0.5		50.0		17.67766952966369		4.833754385964912
1.0		0.0		10.0		0.0		1.0
1.0		0.0		30.0		0.0		1.0
1.0		0.0		50.0		0.0		1.0
1.0		0.1		10.0		0.0		1.0
1.0		0.1		30.0		0.0		1.0
1.0		0.1		50.0		0.0		1.0
1.0		0.2		10.0		0.0		1.0
1.0		0.2		30.0		0.0		1.0
1.0		0.2		50.0		0.0		1.0
1.0		0.3		10.0		0.0		1.0
1.0		0.3		30.0		0.0		1.0
1.0		0.3		50.0		0.0		1.0
1.0		0.4		10.0		0.0		1.0
1.0		0.4		30.0		0.0		1.0
1.0		0.4		50.0		0.0		1.0
1.0		0.5		10.0		0.0		1.0
1.0		0.5		30.0		0.0		1.0
1.0		0.5		50.0		0.0		1.0
> assign300.txt | n=300 | Count=30 | Seeds=[3977932950, 2977138497, 3574856790, 2638429600, 2058905258, 3182282959, 2507286822, 4262871977, 2802712684, 2044407649, 269478160, 1305131626, 1161723752, 3867085472, 3498803833, 2780040994, 786961640, 4145857063, 1109607973, 93790668, 2903480363, 2973684152, 601988904, 3685980149, 3617406453, 1762841863, 3960042926, 1104656630, 2322331888, 947703261]
0.0		0.0		10.0		0.0		1.0
0.0		0.0		30.0		0.0		1.0
0.0		0.0		50.0		0.0		1.0
0.0		0.1		10.0		3.1622776601683795		1.6964323748668795
0.0		0.1		30.0		9.486832980505138		3.1104898828541
0.0		0.1		50.0		15.811388300841896		7.466506922257721
0.0		0.2		10.0		4.47213595499958		2.272310969116081
0.0		0.2		30.0		13.416407864998739		4.780244941427051
0.0		0.2		50.0		22.360679774997898		11.841107561235356
0.0		0.3		10.0		5.477225575051661		2.807082002129925
0.0		0.3		30.0		16.431676725154983		6.380351437699679
0.0		0.3		50.0		27.386127875258307		15.156549520766772
0.0		0.4		10.0		6.324555320336759		3.242864749733759
0.0		0.4		30.0		18.973665961010276		7.877263045793398
0.0		0.4		50.0		31.622776601683793		17.778860489882856
0.0		0.5		10.0		7.0710678118654755		3.673695420660276
0.0		0.5		30.0		21.213203435596427		9.165335463258783
0.0		0.5		50.0		35.35533905932738		19.814217252396165
0.25		0.0		10.0		0.0		1.0
0.25		0.0		30.0		0.0		1.0
0.25		0.0		50.0		0.0		1.0
0.25		0.1		10.0		2.7386127875258306		1.5579872204472844
0.25		0.1		30.0		8.215838362577491		2.6665069222577213
0.25		0.1		50.0		13.693063937629153		5.8060170394036215
0.25		0.2		10.0		3.872983346207417		2.0002129925452605
0.25		0.2		30.0		11.61895003862225		3.9727902023429182
0.25		0.2		50.0		19.364916731037084		9.441799787007458
0.25		0.3		10.0		4.743416490252569		2.3940362087326936
0.25		0.3		30.0		14.230249470757707		5.243503727369542
0.25		0.3		50.0		23.717082451262844		11.926304579339723
0.25		0.4		10.0		5.477225575051661		2.7342917997870075
0.25		0.4		30.0		16.431676725154983		6.2419595314164
0.25		0.4		50.0		27.386127875258307		13.732534611288601
0.25		0.5		10.0		6.123724356957945		3.069968051118211
0.25		0.5		30.0		18.371173070873837		7.240468583599576
0.25		0.5		50.0		30.618621784789728		15.381895633652823
0.5		0.0		10.0		0.0		1.0
0.5		0.0		30.0		0.0		1.0
0.5		0.0		50.0		0.0		1.0
0.5		0.1		10.0		2.23606797749979		1.3702875399361025
0.5		0.1		30.0		6.708203932499369		2.1084664536741213
0.5		0.1		50.0		11.180339887498949		4.216826411075613
0.5		0.2		10.0		3.1622776601683795		1.6805111821086258
0.5		0.2		30.0		9.486832980505138		3.0746538871139513
0.5		0.2		50.0		15.811388300841896		6.5071352502662405
0.5		0.3		10.0		3.872983346207417		1.939456869009585
0.5		0.3		30.0		11.61895003862225		3.847976570820021
0.5		0.3		50.0		19.364916731037084		8.167678381256652
0.5		0.4		10.0		4.47213595499958		2.1845047923322682
0.5		0.4		30.0		13.416407864998739		4.629179978700748
0.5		0.4		50.0		22.360679774997898		9.553514376996807
0.5		0.5		10.0		5.0		2.403993610223643
0.5		0.5		30.0		15.0		5.285623003194887
0.5		0.5		50.0		25.0		10.549041533546324
0.75		0.0		10.0		0.0		1.0
0.75		0.0		30.0		0.0		1.0
0.75		0.0		50.0		0.0		1.0
0.75		0.1		10.0		1.5811388300841898		1.1905218317358892
0.75		0.1		30.0		4.743416490252569		1.552502662406816
0.75		0.1		50.0		7.905694150420948		2.6999467518636853
0.75		0.2		10.0		2.23606797749979		1.3497337593184235
0.75		0.2		30.0		6.708203932499369		2.0469648562300327
0.75		0.2		50.0		11.180339887498949		3.946964856230032
0.75		0.3		10.0		2.7386127875258306		1.487113951011715
0.75		0.3		30.0		8.215838362577491		2.4781682641107565
0.75		0.3		50.0		13.693063937629153		4.777156549520766
0.75		0.4		10.0		3.1622776601683795		1.6203407880724174
0.75		0.4		30.0		9.486832980505138		2.9033013844515434
0.75		0.4		50.0		15.811388300841896		5.405591054313098
0.75		0.5		10.0		3.5355339059327378		1.7306709265175717
0.75		0.5		30.0		10.606601717798213		3.257082002129926
0.75		0.5		50.0		17.67766952966369		5.819169329073483
1.0		0.0		10.0		0.0		1.0
1.0		0.0		30.0		0.0		1.0
1.0		0.0		50.0		0.0		1.0
1.0		0.1		10.0		0.0		1.0
1.0		0.1		30.0		0.0		1.0
1.0		0.1		50.0		0.0		1.0
1.0		0.2		10.0		0.0		1.0
1.0		0.2		30.0		0.0		1.0
1.0		0.2		50.0		0.0		1.0
1.0		0.3		10.0		0.0		1.0
1.0		0.3		30.0		0.0		1.0
1.0		0.3		50.0		0.0		1.0
1.0		0.4		10.0		0.0		1.0
1.0		0.4		30.0		0.0		1.0
1.0		0.4		50.0		0.0		1.0
1.0		0.5		10.0		0.0		1.0
1.0		0.5		30.0		0.0		1.0
1.0		0.5		50.0		0.0		1.0
> assign400.txt | n=400 | Count=30 | Seeds=[3977932950, 2977138497, 3574856790, 2638429600, 2058905258, 3182282959, 2507286822, 4262871977, 2802712684, 2044407649, 269478160, 1305131626, 1161723752, 3867085472, 3498803833, 2780040994, 786961640, 4145857063, 1109607973, 93790668, 2903480363, 2973684152, 601988904, 3685980149, 3617406453, 1762841863, 3960042926, 1104656630, 2322331888, 947703261]
0.0		0.0		10.0		0.0		1.0
0.0		0.0		30.0		0.0		1.0
0.0		0.0		50.0		0.0		1.0
0.0		0.1		10.0		3.1622776601683795		1.9161276948590382
0.0		0.1		30.0		9.486832980505138		3.7758706467661685
0.0		0.1		50.0		15.811388300841896		9.230058043117747
0.0		0.2		10.0		4.47213595499958		2.6053897180762844
0.0		0.2		30.0		13.416407864998739		5.80464344941957
0.0		0.2		50.0		22.360679774997898		14.337271973466
0.0		0.3		10.0		5.477225575051661		3.2102819237147595
0.0		0.3		30.0		16.431676725154983		7.577902155887232
0.0		0.3		50.0		27.386127875258307		17.890174129353237
0.0		0.4		10.0		6.324555320336759		3.6603233830845783
0.0		0.4		30.0		18.973665961010276		9.06194029850746
0.0		0.4		50.0		31.622776601683793		20.482835820895527
0.0		0.5		10.0		7.0710678118654755		4.08424543946932
0.0		0.5		30.0		21.213203435596427		10.345854063018246
0.0		0.5		50.0		35.35533905932738		22.357131011608622
0.25		0.0		10.0		0.0		1.0
0.25		0.0		30.0		0.0		1.0
0.25		0.0		50.0		0.0		1.0
0.25		0.1		10.0		2.7386127875258306		1.687313432835821
0.25		0.1		30.0		8.215838362577491		3.0847844112769485
0.25		0.1		50.0		13.693063937629153		7.311152570480928
0.25		0.2		10.0		3.872983346207417		2.2079601990049755
0.25		0.2		30.0		11.61895003862225		4.783499170812605
0.25		0.2		50.0		19.364916731037084		11.264966832504147
0.25		0.3		10.0		4.743416490252569		2.620646766169155
0.25		0.3		30.0		14.230249470757707		6.046890547263683
0.25		0.3		50.0		23.717082451262844		13.920854063018243
0.25		0.4		10.0		5.477225575051661		3.0298092868988387
0.25		0.4		30.0		16.431676725154983		7.25887230514096
0.25		0.4		50.0		27.386127875258307		15.81811774461028
0.25		0.5		10.0		6.123724356957945		3.345315091210613
0.25		0.5		30.0		18.371173070873837		8.273217247097842
0.25		0.5		50.0		30.618621784789728		17.035945273631842
0.5		0.0		10.0		0.0		1.0
0.5		0.0		30.0		0.0		1.0
0.5		0.0		50.0		0.0		1.0
0.5		0.1		10.0		2.23606797749979		1.4771558872305142
0.5		0.1		30.0		6.708203932499369		2.3683665008291874
0.5		0.1		50.0		11.180339887498949		5.345273631840795
0.5		0.2		10.0		3.1622776601683795		1.8390132669983417
0.5		0.2		30.0		9.486832980505138		3.5582918739635145
0.5		0.2		50.0		15.811388300841896		7.925995024875622
0.5		0.3		10.0		3.872983346207417		2.1455638474295187
0.5		0.3		30.0		11.61895003862225		4.521807628524047
0.5		0.3		50.0		19.364916731037084		9.779601990049754
0.5		0.4		10.0		4.47213595499958		2.400663349917081
0.5		0.4		30.0		13.416407864998739		5.312769485903814
0.5		0.4		50.0		22.360679774997898		10.923175787728026
0.5		0.5		10.0		5.0		2.6054311774461025
0.5		0.5		30.0		15.0		5.977570480928691
0.5		0.5		50.0		25.0		11.76546434494196
0.75		0.0		10.0		0.0		1.0
0.75		0.0		30.0		0.0		1.0
0.75		0.0		50.0		0.0		1.0
0.75		0.1		10.0		1.5811388300841898		1.2526533996683253
0.75		0.1		30.0		4.743416490252569		1.7251243781094527
0.75		0.1		50.0		7.905694150420948		3.26471807628524
0.75		0.2		10.0		2.23606797749979		1.430970149253732
0.75		0.2		30.0		6.708203932499369		2.343739635157546
0.75		0.2		50.0		11.180339887498949		4.613266998341626
0.75		0.3		10.0		2.7386127875258306		1.598673300165838
0.75		0.3		30.0		8.215838362577491		2.7814262023217244
0.75		0.3		50.0		13.693063937629153		5.445107794361527
0.75		0.4		10.0		3.1622776601683795		1.7146351575456051
0.75		0.4		30.0		9.486832980505138		3.205928689883913
0.75		0.4		50.0		15.811388300841896		6.101036484245441
0.75		0.5		10.0		3.5355339059327378		1.8244610281923717
0.75		0.5		30.0		10.606601717798213		3.5642205638474294
0.75		0.5		50.0		17.67766952966369		6.5102404643449425
1.0		0.0		10.0		0.0		1.0
1.0		0.0		30.0		0.0		1.0
1.0		0.0		50.0		0.0		1.0
1.0		0.1		10.0		0.0		1.0
1.0		0.1		30.0		0.0		1.0
1.0		0.1		50.0		0.0		1.0
1.0		0.2		10.0		0.0		1.0
1.0		0.2		30.0		0.0		1.0
1.0		0.2		50.0		0.0		1.0
1.0		0.3		10.0		0.0		1.0
1.0		0.3		30.0		0.0		1.0
1.0		0.3		50.0		0.0		1.0
1.0		0.4		10.0		0.0		1.0
1.0		0.4		30.0		0.0		1.0
1.0		0.4		50.0		0.0		1.0
1.0		0.5		10.0		0.0		1.0
1.0		0.5		30.0		0.0		1.0
1.0		0.5		50.0		0.0		1.0
> assign500.txt | n=500 | Count=30 | Seeds=[3977932950, 2977138497, 3574856790, 2638429600, 2058905258, 3182282959, 2507286822, 4262871977, 2802712684, 2044407649, 269478160, 1305131626, 1161723752, 3867085472, 3498803833, 2780040994, 786961640, 4145857063, 1109607973, 93790668, 2903480363, 2973684152, 601988904, 3685980149, 3617406453, 1762841863, 3960042926, 1104656630, 2322331888, 947703261]
0.0		0.0		10.0		0.0		1.0
0.0		0.0		30.0		0.0		1.0
0.0		0.0		50.0		0.0		1.0
0.0		0.1		10.0		3.1622776601683795		2.0791456441305076
0.0		0.1		30.0		9.486832980505138		4.395526404305415
0.0		0.1		50.0		15.811388300841896		10.700672721157082
0.0		0.2		10.0		4.47213595499958		2.8343087790111006
0.0		0.2		30.0		13.416407864998739		6.750252270433904
0.0		0.2		50.0		22.360679774997898		16.33074335687858
0.0		0.3		10.0		5.477225575051661		3.436360578540195
0.0		0.3		30.0		16.431676725154983		8.540867810292635
0.0		0.3		50.0		27.386127875258307		19.784022872519344
0.0		0.4		10.0		6.324555320336759		3.94695593676421
0.0		0.4		30.0		18.973665961010276		10.132761520349812
0.0		0.4		50.0		31.622776601683793		22.115573494786403
0.0		0.5		10.0		7.0710678118654755		4.3456777665657595
0.0		0.5		30.0		21.213203435596427		11.445274133871512
0.0		0.5		50.0		35.35533905932738		23.729969727547935
0.25		0.0		10.0		0.0		1.0
0.25		0.0		30.0		0.0		1.0
0.25		0.0		50.0		0.0		1.0
0.25		0.1		10.0		2.7386127875258306		1.8612848974100231
0.25		0.1		30.0		8.215838362577491		3.599125462495796
0.25		0.1		50.0		13.693063937629153		8.515943491422801
0.25		0.2		10.0		3.872983346207417		2.4586949209552644
0.25		0.2		30.0		11.61895003862225		5.489572822065254
0.25		0.2		50.0		19.364916731037084		12.773393878237469
0.25		0.3		10.0		4.743416490252569		2.9177262024890678
0.25		0.3		30.0		14.230249470757707		6.921426168853011
0.25		0.3		50.0		23.717082451262844		15.350756811301718
0.25		0.4		10.0		5.477225575051661		3.3043390514631694
0.25		0.4		30.0		16.431676725154983		8.127716111671713
0.25		0.4		50.0		27.386127875258307		17.162092162798515
0.25		0.5		10.0		6.123724356957945		3.6198116380760164
0.25		0.5		30.0		18.371173070873837		9.094483686511944
0.25		0.5		50.0		30.618621784789728		18.158224016145304
0.5		0.0		10.0		0.0		1.0
0.5		0.0		30.0		0.0		1.0
0.5		0.0		50.0		0.0		1.0
0.5		0.1		10.0		2.23606797749979		1.5602085435586948
0.5		0.1		30.0		6.708203932499369		2.7853010427177924
0.5		0.1		50.0		11.180339887498949		6.117457114026237
0.5		0.2		10.0		3.1622776601683795		1.9824419778002016
0.5		0.2		30.0		9.486832980505138		4.102119071644806
0.5		0.2		50.0		15.811388300841896		9.066397578203835
0.5		0.3		10.0		3.872983346207417		2.315775311133536
0.5		0.3		30.0		11.61895003862225		5.148166834846956
0.5		0.3		50.0		19.364916731037084		10.858123107971752
0.5		0.4		10.0		4.47213595499958		2.5540531449714097
0.5		0.4		30.0		13.416407864998739		5.943222334342414
0.5		0.4		50.0		22.360679774997898		12.001715438950557
0.5		0.5		10.0		5.0		2.771409350824084
0.5		0.5		30.0		15.0		6.5938109653548596
0.5		0.5		50.0		25.0		12.635486041035993
0.75		0.0		10.0		0.0		1.0
0.75		0.0		30.0		0.0		1.0
0.75		0.0		50.0		0.0		1.0
0.75		0.1		10.0		1.5811388300841898		1.2923646148671373
0.75		0.1		30.0		4.743416490252569		1.8978472922973428
0.75		0.1		50.0		7.905694150420948		3.703632694248234
0.75		0.2		10.0		2.23606797749979		1.5247561385805581
0.75		0.2		30.0		6.708203932499369		2.5798520013454427
0.75		0.2		50.0		11.180339887498949		5.1813656239488735
0.75		0.3		10.0		2.7386127875258306		1.688664648503196
0.75		0.3		30.0		8.215838362577491		3.115438950554995
0.75		0.3		50.0		13.693063937629153		6.128018836192397
0.75		0.4		10.0		3.1622776601683795		1.8167507568113015
0.75		0.4		30.0		9.486832980505138		3.5083081062899426
0.75		0.4		50.0		15.811388300841896		6.5223343424150695
0.75		0.5		10.0		3.5355339059327378		1.9195761856710394
0.75		0.5		30.0		10.606601717798213		3.8414059872182986
0.75		0.5		50.0		17.67766952966369		6.837806929027919
1.0		0.0		10.0		0.0		1.0
1.0		0.0		30.0		0.0		1.0
1.0		0.0		50.0		0.0		1.0
1.0		0.1		10.0		0.0		1.0
1.0		0.1		30.0		0.0		1.0
1.0		0.1		50.0		0.0		1.0
1.0		0.2		10.0		0.0		1.0
1.0		0.2		30.0		0.0		1.0
1.0		0.2		50.0		0.0		1.0
1.0		0.3		10.0		0.0		1.0
1.0		0.3		30.0		0.0		1.0
1.0		0.3		50.0		0.0		1.0
1.0		0.4		10.0		0.0		1.0
1.0		0.4		30.0		0.0		1.0
1.0		0.4		50.0		0.0		1.0
1.0		0.5		10.0		0.0		1.0
1.0		0.5		30.0		0.0		1.0
1.0		0.5		50.0		0.0		1.0
> assign600.txt | n=600 | Count=30 | Seeds=[3977932950, 2977138497, 3574856790, 2638429600, 2058905258, 3182282959, 2507286822, 4262871977, 2802712684, 2044407649, 269478160, 1305131626, 1161723752, 3867085472, 3498803833, 2780040994, 786961640, 4145857063, 1109607973, 93790668, 2903480363, 2973684152, 601988904, 3685980149, 3617406453, 1762841863, 3960042926, 1104656630, 2322331888, 947703261]
0.0		0.0		10.0		0.0		1.0
0.0		0.0		30.0		0.0		1.0
0.0		0.0		50.0		0.0		1.0
0.0		0.1		10.0		3.1622776601683795		2.260685941043084
0.0		0.1		30.0		9.486832980505138		4.828798185941042
0.0		0.1		50.0		15.811388300841896		11.956150793650794
0.0		0.2		10.0		4.47213595499958		3.088407029478458
0.0		0.2		30.0		13.416407864998739		7.3953514739229025
0.0		0.2		50.0		22.360679774997898		17.703939909297052
0.0		0.3		10.0		5.477225575051661		3.70515873015873
0.0		0.3		30.0		16.431676725154983		9.408191609977326
0.0		0.3		50.0		27.386127875258307		21.196513605442174
0.0		0.4		10.0		6.324555320336759		4.162585034013608
0.0		0.4		30.0		18.973665961010276		10.994217687074828
0.0		0.4		50.0		31.622776601683793		23.423611111111107
0.0		0.5		10.0		7.0710678118654755		4.567743764172336
0.0		0.5		30.0		21.213203435596427		12.247534013605442
0.0		0.5		50.0		35.35533905932738		24.716241496598634
0.25		0.0		10.0		0.0		1.0
0.25		0.0		30.0		0.0		1.0
0.25		0.0		50.0		0.0		1.0
0.25		0.1		10.0		2.7386127875258306		1.9573412698412698
0.25		0.1		30.0		8.215838362577491		3.9435374149659865
0.25		0.1		50.0		13.693063937629153		9.448809523809523
0.25		0.2		10.0		3.872983346207417		2.5756802721088436
0.25		0.2		30.0		11.61895003862225		6.0848072562358295
0.25		0.2		50.0		19.364916731037084		13.917857142857144
0.25		0.3		10.0		4.743416490252569		3.0499716553287977
0.25		0.3		30.0		14.230249470757707		7.646938775510202
0.25		0.3		50.0		23.717082451262844		16.577069160997734
0.25		0.4		10.0		5.477225575051661		3.4458333333333333
0.25		0.4		30.0		16.431676725154983		8.758446712018145
0.25		0.4		50.0		27.386127875258307		18.096428571428564
0.25		0.5		10.0		6.123724356957945		3.7624716553287976
0.25		0.5		30.0		18.371173070873837		9.795124716553289
0.25		0.5		50.0		30.618621784789728		18.968140589569163
0.5		0.0		10.0		0.0		1.0
0.5		0.0		30.0		0.0		1.0
0.5		0.0		50.0		0.0		1.0
0.5		0.1		10.0		2.23606797749979		1.63015873015873
0.5		0.1		30.0		6.708203932499369		3.004818594104308
0.5		0.1		50.0		11.180339887498949		6.887131519274376
0.5		0.2		10.0		3.1622776601683795		2.091496598639456
0.5		0.2		30.0		9.486832980505138		4.523866213151927
0.5		0.2		50.0		15.811388300841896		9.846428571428573
0.5		0.3		10.0		3.872983346207417		2.433758503401361
0.5		0.3		30.0		11.61895003862225		5.518083900226756
0.5		0.3		50.0		19.364916731037084		11.547137188208618
0.5		0.4		10.0		4.47213595499958		2.678429705215419
0.5		0.4		30.0		13.416407864998739		6.358758503401362
0.5		0.4		50.0		22.360679774997898		12.547080498866217
0.5		0.5		10.0		5.0		2.8738095238095247
0.5		0.5		30.0		15.0		7.0314058956916075
0.5		0.5		50.0		25.0		13.032171201814059
0.75		0.0		10.0		0.0		1.0
0.75		0.0		30.0		0.0		1.0
0.75		0.0		50.0		0.0		1.0
0.75		0.1		10.0		1.5811388300841898		1.3194727891156464
0.75		0.1		30.0		4.743416490252569		2.055017006802721
0.75		0.1		50.0		7.905694150420948		4.069784580498866
0.75		0.2		10.0		2.23606797749979		1.552721088435374
0.75		0.2		30.0		6.708203932499369		2.8209467120181415
0.75		0.2		50.0		11.180339887498949		5.646797052154195
0.75		0.3		10.0		2.7386127875258306		1.7391156462585033
0.75		0.3		30.0		8.215838362577491		3.3912131519274387
0.75		0.3		50.0		13.693063937629153		6.435685941043085
0.75		0.4		10.0		3.1622776601683795		1.8792233560090708
0.75		0.4		30.0		9.486832980505138		3.7688775510204087
0.75		0.4		50.0		15.811388300841896		6.856717687074828
0.75		0.5		10.0		3.5355339059327378		1.9693877551020404
0.75		0.5		30.0		10.606601717798213		4.07250566893424
0.75		0.5		50.0		17.67766952966369		7.034410430839002
1.0		0.0		10.0		0.0		1.0
1.0		0.0		30.0		0.0		1.0
1.0		0.0		50.0		0.0		1.0
1.0		0.1		10.0		0.0		1.0
1.0		0.1		30.0		0.0		1.0
1.0		0.1		50.0		0.0		1.0
1.0		0.2		10.0		0.0		1.0
1.0		0.2		30.0		0.0		1.0
1.0		0.2		50.0		0.0		1.0
1.0		0.3		10.0		0.0		1.0
1.0		0.3		30.0		0.0		1.0
1.0		0.3		50.0		0.0		1.0
1.0		0.4		10.0		0.0		1.0
1.0		0.4		30.0		0.0		1.0
1.0		0.4		50.0		0.0		1.0
1.0		0.5		10.0		0.0		1.0
1.0		0.5		30.0		0.0		1.0
1.0		0.5		50.0		0.0		1.0
> assign700.txt | n=700 | Count=30 | Seeds=[3977932950, 2977138497, 3574856790, 2638429600, 2058905258, 3182282959, 2507286822, 4262871977, 2802712684, 2044407649, 269478160, 1305131626, 1161723752, 3867085472, 3498803833, 2780040994, 786961640, 4145857063, 1109607973, 93790668, 2903480363, 2973684152, 601988904, 3685980149, 3617406453, 1762841863, 3960042926, 1104656630, 2322331888, 947703261]
0.0		0.0		10.0		0.0		1.0
0.0		0.0		30.0		0.0		1.0
0.0		0.0		50.0		0.0		1.0
0.0		0.1		10.0		3.1622776601683795		2.379417523250122
0.0		0.1		30.0		9.486832980505138		5.354625550660793
0.0		0.1		50.0		15.811388300841896		13.071292217327459
0.0		0.2		10.0		4.47213595499958		3.265883504650024
0.0		0.2		30.0		13.416407864998739		8.116275085658344
0.0		0.2		50.0		22.360679774997898		18.837298091042594
0.0		0.3		10.0		5.477225575051661		3.9024718551150266
0.0		0.3		30.0		16.431676725154983		10.194664708761623
0.0		0.3		50.0		27.386127875258307		22.270655898188927
0.0		0.4		10.0		6.324555320336759		4.386588350465002
0.0		0.4		30.0		18.973665961010276		11.678340675477237
0.0		0.4		50.0		31.622776601683793		24.2770680372002
0.0		0.5		10.0		7.0710678118654755		4.763313754282917
0.0		0.5		30.0		21.213203435596427		12.909593734703867
0.0		0.5		50.0		35.35533905932738		25.262457170827222
0.25		0.0		10.0		0.0		1.0
0.25		0.0		30.0		0.0		1.0
0.25		0.0		50.0		0.0		1.0
0.25		0.1		10.0		2.7386127875258306		2.0613803230543315
0.25		0.1		30.0		8.215838362577491		4.280592266275085
0.25		0.1		50.0		13.693063937629153		10.354552129221732
0.25		0.2		10.0		3.872983346207417		2.7747674987763085
0.25		0.2		30.0		11.61895003862225		6.48220753793441
0.25		0.2		50.0		19.364916731037084		14.83497307880568
0.25		0.3		10.0		4.743416490252569		3.284116495349976
0.25		0.3		30.0		14.230249470757707		8.076603034752814
0.25		0.3		50.0		23.717082451262844		17.336392559960846
0.25		0.4		10.0		5.477225575051661		3.65330396475771
0.25		0.4		30.0		16.431676725154983		9.279784630445425
0.25		0.4		50.0		27.386127875258307		18.66767009300049
0.25		0.5		10.0		6.123724356957945		3.9284385707293192
0.25		0.5		30.0		18.371173070873837		10.17202643171806
0.25		0.5		50.0		30.618621784789728		19.300048947626042
0.5		0.0		10.0		0.0		1.0
0.5		0.0		30.0		0.0		1.0
0.5		0.0		50.0		0.0		1.0
0.5		0.1		10.0		2.23606797749979		1.7338717572197746
0.5		0.1		30.0		6.708203932499369		3.288595203132649
0.5		0.1		50.0		11.180339887498949		7.310670582476749
0.5		0.2		10.0		3.1622776601683795		2.222711698482624
0.5		0.2		30.0		9.486832980505138		4.798898678414097
0.5		0.2		50.0		15.811388300841896		10.51752325012237
0.5		0.3		10.0		3.872983346207417		2.582623592755751
0.5		0.3		30.0		11.61895003862225		5.925819872736172
0.5		0.3		50.0		19.364916731037084		12.07116984826236
0.5		0.4		10.0		4.47213595499958		2.8310327949094476
0.5		0.4		30.0		13.416407864998739		6.74265785609398
0.5		0.4		50.0		22.360679774997898		12.878707782672539
0.5		0.5		10.0		5.0		3.0188937836514933
0.5		0.5		30.0		15.0		7.3102790014684285
0.5		0.5		50.0		25.0		13.272589329417523
0.75		0.0		10.0		0.0		1.0
0.75		0.0		30.0		0.0		1.0
0.75		0.0		50.0		0.0		1.0
0.75		0.1		10.0		1.5811388300841898		1.3737640724424862
0.75		0.1		30.0		4.743416490252569		2.151027900146843
0.75		0.1		50.0		7.905694150420948		4.3223445912873215
0.75		0.2		10.0		2.23606797749979		1.627802251590798
0.75		0.2		30.0		6.708203932499369		2.990430739109153
0.75		0.2		50.0		11.180339887498949		5.828365149290258
0.75		0.3		10.0		2.7386127875258306		1.8115271659324526
0.75		0.3		30.0		8.215838362577491		3.5209495839451797
0.75		0.3		50.0		13.693063937629153		6.598482623592757
0.75		0.4		10.0		3.1622776601683795		1.9331375428291728
0.75		0.4		30.0		9.486832980505138		3.9335535976505143
0.75		0.4		50.0		15.811388300841896		6.956656877141459
0.75		0.5		10.0		3.5355339059327378		2.0103768967205076
0.75		0.5		30.0		10.606601717798213		4.205604503181598
0.75		0.5		50.0		17.67766952966369		7.15352422907489
1.0		0.0		10.0		0.0		1.0
1.0		0.0		30.0		0.0		1.0
1.0		0.0		50.0		0.0		1.0
1.0		0.1		10.0		0.0		1.0
1.0		0.1		30.0		0.0		1.0
1.0		0.1		50.0		0.0		1.0
1.0		0.2		10.0		0.0		1.0
1.0		0.2		30.0		0.0		1.0
1.0		0.2		50.0		0.0		1.0
1.0		0.3		10.0		0.0		1.0
1.0		0.3		30.0		0.0		1.0
1.0		0.3		50.0		0.0		1.0
1.0		0.4		10.0		0.0		1.0
1.0		0.4		30.0		0.0		1.0
1.0		0.4		50.0		0.0		1.0
1.0		0.5		10.0		0.0		1.0
1.0		0.5		30.0		0.0		1.0
1.0		0.5		50.0		0.0		1.0
> assign800.txt | n=800 | Count=30 | Seeds=[3977932950, 2977138497, 3574856790, 2638429600, 2058905258, 3182282959, 2507286822, 4262871977, 2802712684, 2044407649, 269478160, 1305131626, 1161723752, 3867085472, 3498803833, 2780040994, 786961640, 4145857063, 1109607973, 93790668, 2903480363, 2973684152, 601988904, 3685980149, 3617406453, 1762841863, 3960042926, 1104656630, 2322331888, 947703261]
0.0		0.0		10.0		0.0		1.0
0.0		0.0		30.0		0.0		1.0
0.0		0.0		50.0		0.0		1.0
0.0		0.1		10.0		3.1622776601683795		2.5140249140893465
0.0		0.1		30.0		9.486832980505138		5.707431271477661
0.0		0.1		50.0		15.811388300841896		13.847186426116838
0.0		0.2		10.0		4.47213595499958		3.4487328178694145
0.0		0.2		30.0		13.416407864998739		8.695403780068727
0.0		0.2		50.0		22.360679774997898		19.943556701030932
0.0		0.3		10.0		5.477225575051661		4.110760309278351
0.0		0.3		30.0		16.431676725154983		10.852384020618556
0.0		0.3		50.0		27.386127875258307		23.181400343642615
0.0		0.4		10.0		6.324555320336759		4.600279209621992
0.0		0.4		30.0		18.973665961010276		12.36432560137457
0.0		0.4		50.0		31.622776601683793		24.843685567010308
0.0		0.5		10.0		7.0710678118654755		4.957345360824743
0.0		0.5		30.0		21.213203435596427		13.518900343642608
0.0		0.5		50.0		35.35533905932738		25.61612972508591
0.25		0.0		10.0		0.0		1.0
0.25		0.0		30.0		0.0		1.0
0.25		0.0		50.0		0.0		1.0
0.25		0.1		10.0		2.7386127875258306		2.1653135738831613
0.25		0.1		30.0		8.215838362577491		4.616408934707905
0.25		0.1		50.0		13.693063937629153		10.969909793814434
0.25		0.2		10.0		3.872983346207417		2.906421821305842
0.25		0.2		30.0		11.61895003862225		6.978951890034364
0.25		0.2		50.0		19.364916731037084		15.657087628865977
0.25		0.3		10.0		4.743416490252569		3.4308419243986257
0.25		0.3		30.0		14.230249470757707		8.57061855670103
0.25		0.3		50.0		23.717082451262844		17.967719072164947
0.25		0.4		10.0		5.477225575051661		3.7877792096219935
0.25		0.4		30.0		16.431676725154983		9.81552835051546
0.25		0.4		50.0		27.386127875258307		19.024484536082475
0.25		0.5		10.0		6.123724356957945		4.051932989690721
0.25		0.5		30.0		18.371173070873837		10.691151202749138
0.25		0.5		50.0		30.618621784789728		19.546606529209622
0.5		0.0		10.0		0.0		1.0
0.5		0.0		30.0		0.0		1.0
0.5		0.0		50.0		0.0		1.0
0.5		0.1		10.0		2.23606797749979		1.7799828178694157
0.5		0.1		30.0		6.708203932499369		3.4207259450171814
0.5		0.1		50.0		11.180339887498949		7.9336984536082475
0.5		0.2		10.0		3.1622776601683795		2.2965206185567
0.5		0.2		30.0		9.486832980505138		5.079789518900342
0.5		0.2		50.0		15.811388300841896		11.037414089347077
0.5		0.3		10.0		3.872983346207417		2.6541237113402065
0.5		0.3		30.0		11.61895003862225		6.227255154639176
0.5		0.3		50.0		19.364916731037084		12.503371993127145
0.5		0.4		10.0		4.47213595499958		2.8989475945017182
0.5		0.4		30.0		13.416407864998739		6.996563573883161
0.5		0.4		50.0		22.360679774997898		13.14611254295533
0.5		0.5		10.0		5.0		3.0657216494845367
0.5		0.5		30.0		15.0		7.545575601374571
0.5		0.5		50.0		25.0		13.399806701030927
0.75		0.0		10.0		0.0		1.0
0.75		0.0		30.0		0.0		1.0
0.75		0.0		50.0		0.0		1.0
0.75		0.1		10.0		1.5811388300841898		1.3982603092783503
0.75		0.1		30.0		4.743416490252569		2.241065292096219
0.75		0.1		50.0		7.905694150420948		4.534364261168386
0.75		0.2		10.0		2.23606797749979		1.6579896907216494
0.75		0.2		30.0		6.708203932499369		3.0742053264604805
0.75		0.2		50.0		11.180339887498949		6.099162371134022
0.75		0.3		10.0		2.7386127875258306		1.8477663230240546
0.75		0.3		30.0		8.215838362577491		3.656550687285223
0.75		0.3		50.0		13.693063937629153		6.794222508591065
0.75		0.4		10.0		3.1622776601683795		1.9622422680412372
0.75		0.4		30.0		9.486832980505138		4.034772336769757
0.75		0.4		50.0		15.811388300841896		7.083526632302405
0.75		0.5		10.0		3.5355339059327378		2.0450816151202753
0.75		0.5		30.0		10.606601717798213		4.320081615120275
0.75		0.5		50.0		17.67766952966369		7.207710481099656
1.0		0.0		10.0		0.0		1.0
1.0		0.0		30.0		0.0		1.0
1.0		0.0		50.0		0.0		1.0
1.0		0.1		10.0		0.0		1.0
1.0		0.1		30.0		0.0		1.0
1.0		0.1		50.0		0.0		1.0
1.0		0.2		10.0		0.0		1.0
1.0		0.2		30.0		0.0		1.0
1.0		0.2		50.0		0.0		1.0
1.0		0.3		10.0		0.0		1.0
1.0		0.3		30.0		0.0		1.0
1.0		0.3		50.0		0.0		1.0
1.0		0.4		10.0		0.0		1.0
1.0		0.4		30.0		0.0		1.0
1.0		0.4		50.0		0.0		1.0
1.0		0.5		10.0		0.0		1.0
1.0		0.5		30.0		0.0		1.0
1.0		0.5		50.0		0.0		1.0
