> assign100.txt | n=100 | Count=30 | Seeds=[5629688496188513718, 7931314243069235348, 7282458632107656062, 5954900385700141973, 1149710446201368932, 2012790549634110290, 6209486078634014597, 4375073058820069451, 2279309657326067838, 4592752567138265061, 3528437333303452535, 7048613229051978319, 99939064011800396, 7027696147270804698, 7411679501936118084, 6247210607171103877, 715749505615827589, 503212800386973066, 6937723650600647882, 7487203478673696465, 5852036743279041407, 6410182276134804568, 7498353048504947514, 4595413589133040715, 5938609787205645008, 29366123155998501, 3303707212295979681, 6981525761410015858, 8171949614278033412, 3034965809624097478]
0.0		1.0
0.01		1.1579234972677594
0.02		1.2370491803278691
0.03		1.3613114754098359
0.04		1.3492896174863387
0.05		1.4112568306010929
0.06		1.4242622950819674
0.07		1.4730054644808743
0.08		1.4587978142076505
0.09		1.4765027322404372
0.1		1.4936612021857922
> assign200.txt | n=200 | Count=30 | Seeds=[5629688496188513718, 7931314243069235348, 7282458632107656062, 5954900385700141973, 1149710446201368932, 2012790549634110290, 6209486078634014597, 4375073058820069451, 2279309657326067838, 4592752567138265061, 3528437333303452535, 7048613229051978319, 99939064011800396, 7027696147270804698, 7411679501936118084, 6247210607171103877, 715749505615827589, 503212800386973066, 6937723650600647882, 7487203478673696465, 5852036743279041407, 6410182276134804568, 7498353048504947514, 4595413589133040715, 5938609787205645008, 29366123155998501, 3303707212295979681, 6981525761410015858, 8171949614278033412, 3034965809624097478]
0.0		1.0
0.01		1.1718596491228075
0.02		1.2429473684210528
0.03		1.3468771929824568
0.04		1.3302456140350878
0.05		1.3901052631578947
0.06		1.4480000000000002
0.07		1.4426666666666668
0.08		1.4370526315789474
0.09		1.4762105263157894
0.1		1.464842105263158
> assign300.txt | n=300 | Count=30 | Seeds=[5629688496188513718, 7931314243069235348, 7282458632107656062, 5954900385700141973, 1149710446201368932, 2012790549634110290, 6209486078634014597, 4375073058820069451, 2279309657326067838, 4592752567138265061, 3528437333303452535, 7048613229051978319, 99939064011800396, 7027696147270804698, 7411679501936118084, 6247210607171103877, 715749505615827589, 503212800386973066, 6937723650600647882, 7487203478673696465, 5852036743279041407, 6410182276134804568, 7498353048504947514, 4595413589133040715, 5938609787205645008, 29366123155998501, 3303707212295979681, 6981525761410015858, 8171949614278033412, 3034965809624097478]
0.0		1.0
0.01		1.1607028753993611
0.02		1.248242811501597
0.03		1.2674121405750796
0.04		1.3159211927582535
0.05		1.3817891373801918
0.06		1.3992545260915874
0.07		1.3906283280085192
0.08		1.3899361022364218
0.09		1.4493077742279021
0.1		1.432108626198083
> assign400.txt | n=400 | Count=30 | Seeds=[5629688496188513718, 7931314243069235348, 7282458632107656062, 5954900385700141973, 1149710446201368932, 2012790549634110290, 6209486078634014597, 4375073058820069451, 2279309657326067838, 4592752567138265061, 3528437333303452535, 7048613229051978319, 99939064011800396, 7027696147270804698, 7411679501936118084, 6247210607171103877, 715749505615827589, 503212800386973066, 6937723650600647882, 7487203478673696465, 5852036743279041407, 6410182276134804568, 7498353048504947514, 4595413589133040715, 5938609787205645008, 29366123155998501, 3303707212295979681, 6981525761410015858, 8171949614278033412, 3034965809624097478]
0.0		1.0
0.01		1.1584991708126036
0.02		1.2164179104477613
0.03		1.2429519071310113
0.04		1.29092039800995
0.05		1.3082504145936984
0.06		1.3427446102819236
0.07		1.3623134328358213
0.08		1.3754975124378113
0.09		1.3986733001658378
0.1		1.4104892205638475
> assign500.txt | n=500 | Count=30 | Seeds=[5629688496188513718, 7931314243069235348, 7282458632107656062, 5954900385700141973, 1149710446201368932, 2012790549634110290, 6209486078634014597, 4375073058820069451, 2279309657326067838, 4592752567138265061, 3528437333303452535, 7048613229051978319, 99939064011800396, 7027696147270804698, 7411679501936118084, 6247210607171103877, 715749505615827589, 503212800386973066, 6937723650600647882, 7487203478673696465, 5852036743279041407, 6410182276134804568, 7498353048504947514, 4595413589133040715, 5938609787205645008, 29366123155998501, 3303707212295979681, 6981525761410015858, 8171949614278033412, 3034965809624097478]
0.0		1.0
0.01		1.1555331315169868
0.02		1.2044399596367303
0.03		1.2224016145307774
0.04		1.2463504877228393
0.05		1.277665657584931
0.06		1.2992936427850659
0.07		1.2961991254624956
0.08		1.3050790447359568
0.09		1.310393541876892
0.1		1.3480322906155398
> assign600.txt | n=600 | Count=30 | Seeds=[5629688496188513718, 7931314243069235348, 7282458632107656062, 5954900385700141973, 1149710446201368932, 2012790549634110290, 6209486078634014597, 4375073058820069451, 2279309657326067838, 4592752567138265061, 3528437333303452535, 7048613229051978319, 99939064011800396, 7027696147270804698, 7411679501936118084, 6247210607171103877, 715749505615827589, 503212800386973066, 6937723650600647882, 7487203478673696465, 5852036743279041407, 6410182276134804568, 7498353048504947514, 4595413589133040715, 5938609787205645008, 29366123155998501, 3303707212295979681, 6981525761410015858, 8171949614278033412, 3034965809624097478]
0.0		1.0
0.01		1.1257086167800454
0.02		1.161904761904762
0.03		1.2130385487528348
0.04		1.2212301587301586
0.05		1.240221088435374
0.06		1.2756519274376419
0.07		1.2643990929705213
0.08		1.2822278911564624
0.09		1.2772675736961452
0.1		1.2910714285714289
> assign700.txt | n=700 | Count=30 | Seeds=[5629688496188513718, 7931314243069235348, 7282458632107656062, 5954900385700141973, 1149710446201368932, 2012790549634110290, 6209486078634014597, 4375073058820069451, 2279309657326067838, 4592752567138265061, 3528437333303452535, 7048613229051978319, 99939064011800396, 7027696147270804698, 7411679501936118084, 6247210607171103877, 715749505615827589, 503212800386973066, 6937723650600647882, 7487203478673696465, 5852036743279041407, 6410182276134804568, 7498353048504947514, 4595413589133040715, 5938609787205645008, 29366123155998501, 3303707212295979681, 6981525761410015858, 8171949614278033412, 3034965809624097478]
0.0		1.0
0.01		1.1235682819383261
0.02		1.1574889867841407
0.03		1.1795888399412633
0.04		1.2059471365638765
0.05		1.209691629955947
0.06		1.2393783651492902
0.07		1.2284140969163
0.08		1.2443220753793443
0.09		1.2485315712187963
0.1		1.2574889867841412
> assign800.txt | n=800 | Count=30 | Seeds=[5629688496188513718, 7931314243069235348, 7282458632107656062, 5954900385700141973, 1149710446201368932, 2012790549634110290, 6209486078634014597, 4375073058820069451, 2279309657326067838, 4592752567138265061, 3528437333303452535, 7048613229051978319, 99939064011800396, 7027696147270804698, 7411679501936118084, 6247210607171103877, 715749505615827589, 503212800386973066, 6937723650600647882, 7487203478673696465, 5852036743279041407, 6410182276134804568, 7498353048504947514, 4595413589133040715, 5938609787205645008, 29366123155998501, 3303707212295979681, 6981525761410015858, 8171949614278033412, 3034965809624097478]
0.0		1.0
0.01		1.1079682130584192
0.02		1.1527920962199312
0.03		1.1659579037800687
0.04		1.1883376288659795
0.05		1.1941365979381446
0.06		1.197487113402062
0.07		1.2093857388316154
0.08		1.2185781786941583
0.09		1.228414948453608
0.1		1.2271907216494848
