> assign100.txt | n=100 | Count=30 | Seeds=[1837780782641347720, 8860407417080439459, 3083464867725253492, 8707871547661016158, 1536605796367312129, 5338918541655205735, 8238315460171940229, 4712607704949906834, 2971679957815227278, 2930614378697301954, 6603472049559677332, 6632191650649854162, 7955110329041954409, 7993533820161639185, 7515475434646481275, 1583320362573268115, 8199564772455347903, 6863781160100167645, 3722454096719652394, 5676459161921464503, 6133011315272588293, 4397892325916494267, 4690131767681097680, 4858798197274505953, 2819273388401362850, 3582402275039596083, 3654309260163831207, 7342380441221817901, 1832027409329856497, 2601055969424192987]
0.0		1.0
0.1		1.5766120218579232
0.2		1.6807650273224044
0.3		1.7290710382513663
0.4		1.8471038251366119
0.5		1.8064480874316937
0.6		1.8347540983606554
0.7		1.7519125683060113
0.8		1.7424043715846993
0.9		1.7213114754098364
1.0		1.6782513661202187
> assign200.txt | n=200 | Count=30 | Seeds=[1837780782641347720, 8860407417080439459, 3083464867725253492, 8707871547661016158, 1536605796367312129, 5338918541655205735, 8238315460171940229, 4712607704949906834, 2971679957815227278, 2930614378697301954, 6603472049559677332, 6632191650649854162, 7955110329041954409, 7993533820161639185, 7515475434646481275, 1583320362573268115, 8199564772455347903, 6863781160100167645, 3722454096719652394, 5676459161921464503, 6133011315272588293, 4397892325916494267, 4690131767681097680, 4858798197274505953, 2819273388401362850, 3582402275039596083, 3654309260163831207, 7342380441221817901, 1832027409329856497, 2601055969424192987]
0.0		1.0
0.1		1.481263157894737
0.2		1.5497543859649119
0.3		1.5872280701754384
0.4		1.6369824561403505
0.5		1.6663157894736844
0.6		1.6496140350877193
0.7		1.6176140350877195
0.8		1.6884912280701758
0.9		1.6736842105263157
1.0		1.6929824561403506
> assign300.txt | n=300 | Count=30 | Seeds=[1837780782641347720, 8860407417080439459, 3083464867725253492, 8707871547661016158, 1536605796367312129, 5338918541655205735, 8238315460171940229, 4712607704949906834, 2971679957815227278, 2930614378697301954, 6603472049559677332, 6632191650649854162, 7955110329041954409, 7993533820161639185, 7515475434646481275, 1583320362573268115, 8199564772455347903, 6863781160100167645, 3722454096719652394, 5676459161921464503, 6133011315272588293, 4397892325916494267, 4690131767681097680, 4858798197274505953, 2819273388401362850, 3582402275039596083, 3654309260163831207, 7342380441221817901, 1832027409329856497, 2601055969424192987]
0.0		1.0
0.1		1.4475505857294995
0.2		1.5003727369542061
0.3		1.5622470713525023
0.4		1.5907348242811503
0.5		1.5968051118210862
0.6		1.5694888178913737
0.7		1.5782215122470717
0.8		1.6013844515441955
0.9		1.5758253461128862
1.0		1.5899893503727367
> assign400.txt | n=400 | Count=30 | Seeds=[1837780782641347720, 8860407417080439459, 3083464867725253492, 8707871547661016158, 1536605796367312129, 5338918541655205735, 8238315460171940229, 4712607704949906834, 2971679957815227278, 2930614378697301954, 6603472049559677332, 6632191650649854162, 7955110329041954409, 7993533820161639185, 7515475434646481275, 1583320362573268115, 8199564772455347903, 6863781160100167645, 3722454096719652394, 5676459161921464503, 6133011315272588293, 4397892325916494267, 4690131767681097680, 4858798197274505953, 2819273388401362850, 3582402275039596083, 3654309260163831207, 7342380441221817901, 1832027409329856497, 2601055969424192987]
0.0		1.0
0.1		1.3766169154228856
0.2		1.4607794361525703
0.3		1.4896766169154234
0.4		1.505597014925373
0.5		1.530099502487562
0.6		1.5114842454394692
0.7		1.5362354892205643
0.8		1.524917081260365
0.9		1.5146351575456052
1.0		1.5344527363184077
> assign500.txt | n=500 | Count=30 | Seeds=[1837780782641347720, 8860407417080439459, 3083464867725253492, 8707871547661016158, 1536605796367312129, 5338918541655205735, 8238315460171940229, 4712607704949906834, 2971679957815227278, 2930614378697301954, 6603472049559677332, 6632191650649854162, 7955110329041954409, 7993533820161639185, 7515475434646481275, 1583320362573268115, 8199564772455347903, 6863781160100167645, 3722454096719652394, 5676459161921464503, 6133011315272588293, 4397892325916494267, 4690131767681097680, 4858798197274505953, 2819273388401362850, 3582402275039596083, 3654309260163831207, 7342380441221817901, 1832027409329856497, 2601055969424192987]
0.0		1.0
0.1		1.3167843928691556
0.2		1.3991254624957954
0.3		1.4119071644803227
0.4		1.412041708711739
0.5		1.4128153380423811
0.6		1.4294988227379755
0.7		1.4230406996300031
0.8		1.429532458795829
0.9		1.415876219307097
1.0		1.427514295324588
> assign600.txt | n=600 | Count=30 | Seeds=[1837780782641347720, 8860407417080439459, 3083464867725253492, 8707871547661016158, 1536605796367312129, 5338918541655205735, 8238315460171940229, 4712607704949906834, 2971679957815227278, 2930614378697301954, 6603472049559677332, 6632191650649854162, 7955110329041954409, 7993533820161639185, 7515475434646481275, 1583320362573268115, 8199564772455347903, 6863781160100167645, 3722454096719652394, 5676459161921464503, 6133011315272588293, 4397892325916494267, 4690131767681097680, 4858798197274505953, 2819273388401362850, 3582402275039596083, 3654309260163831207, 7342380441221817901, 1832027409329856497, 2601055969424192987]
0.0		1.0
0.1		1.296258503401361
0.2		1.3124716553287985
0.3		1.3414682539682539
0.4		1.332908163265306
0.5		1.3477891156462585
0.6		1.3595521541950113
0.7		1.360147392290249
0.8		1.3798752834467118
0.9		1.3742630385487529
1.0		1.3607709750566894
> assign700.txt | n=700 | Count=30 | Seeds=[1837780782641347720, 8860407417080439459, 3083464867725253492, 8707871547661016158, 1536605796367312129, 5338918541655205735, 8238315460171940229, 4712607704949906834, 2971679957815227278, 2930614378697301954, 6603472049559677332, 6632191650649854162, 7955110329041954409, 7993533820161639185, 7515475434646481275, 1583320362573268115, 8199564772455347903, 6863781160100167645, 3722454096719652394, 5676459161921464503, 6133011315272588293, 4397892325916494267, 4690131767681097680, 4858798197274505953, 2819273388401362850, 3582402275039596083, 3654309260163831207, 7342380441221817901, 1832027409329856497, 2601055969424192987]
0.0		1.0
0.1		1.266519823788546
0.2		1.2811306901615274
0.3		1.3143416544297601
0.4		1.3206314243759183
0.5		1.3288056779246207
0.6		1.3162995594713656
0.7		1.320435633871757
0.8		1.3130690161527165
0.9		1.3202643171806168
1.0		1.318844836025453
> assign800.txt | n=800 | Count=30 | Seeds=[1837780782641347720, 8860407417080439459, 3083464867725253492, 8707871547661016158, 1536605796367312129, 5338918541655205735, 8238315460171940229, 4712607704949906834, 2971679957815227278, 2930614378697301954, 6603472049559677332, 6632191650649854162, 7955110329041954409, 7993533820161639185, 7515475434646481275, 1583320362573268115, 8199564772455347903, 6863781160100167645, 3722454096719652394, 5676459161921464503, 6133011315272588293, 4397892325916494267, 4690131767681097680, 4858798197274505953, 2819273388401362850, 3582402275039596083, 3654309260163831207, 7342380441221817901, 1832027409329856497, 2601055969424192987]
0.0		1.0
0.1		1.2245704467353953
0.2		1.2484965635738836
0.3		1.2627362542955325
0.4		1.2542525773195878
0.5		1.2693943298969075
0.6		1.2692869415807557
0.7		1.2699527491408942
0.8		1.2731743986254294
0.9		1.2707474226804127
1.0		1.2897551546391754
