> assign100.txt | 07 April 2024, 14:39:33 | Seed=1837780782641347720 | n=100
0		1.0
0.1		1.7442622950819673
0.2		1.740983606557377
0.3		1.881967213114754
0.4		1.9311475409836065
0.5		2.0524590163934424
0.6		1.9639344262295082
0.7		1.842622950819672
0.8		1.842622950819672
0.9		1.4721311475409835
1		1.6032786885245902
> assign100.txt | 07 April 2024, 14:39:34 | Seed=8860407417080439459 | n=100
0		1.0
0.1		1.5836065573770493
0.2		1.6459016393442623
0.3		1.6295081967213114
0.4		2.1049180327868853
0.5		1.5770491803278688
0.6		1.7737704918032786
0.7		1.6950819672131148
0.8		1.5639344262295083
0.9		1.6918032786885246
1		1.518032786885246
> assign100.txt | 07 April 2024, 14:39:34 | Seed=3083464867725253492 | n=100
0		1.0
0.1		1.4655737704918033
0.2		1.819672131147541
0.3		2.059016393442623
0.4		2.0327868852459017
0.5		1.881967213114754
0.6		1.9180327868852458
0.7		1.6229508196721312
0.8		1.9049180327868853
0.9		1.7901639344262295
1		1.6098360655737705
> assign100.txt | 07 April 2024, 14:39:34 | Seed=8707871547661016158 | n=100
0		1.0
0.1		1.7573770491803278
0.2		1.5114754098360657
0.3		1.419672131147541
0.4		1.701639344262295
0.5		1.8754098360655738
0.6		1.79672131147541
0.7		1.6852459016393442
0.8		1.6491803278688524
0.9		1.7475409836065574
1		1.780327868852459
> assign100.txt | 07 April 2024, 14:39:35 | Seed=1536605796367312129 | n=100
0		1.0
0.1		1.8262295081967213
0.2		1.6426229508196721
0.3		1.6754098360655738
0.4		1.8721311475409836
0.5		1.777049180327869
0.6		2.0262295081967214
0.7		1.6262295081967213
0.8		1.455737704918033
0.9		1.8229508196721311
1		1.518032786885246
> assign100.txt | 07 April 2024, 14:39:35 | Seed=5338918541655205735 | n=100
0		1.0
0.1		1.360655737704918
0.2		1.9081967213114754
0.3		1.6918032786885246
0.4		2.085245901639344
0.5		1.6885245901639345
0.6		1.6688524590163933
0.7		1.4754098360655739
0.8		1.5114754098360657
0.9		1.5540983606557377
1		1.7081967213114755
> assign100.txt | 07 April 2024, 14:39:36 | Seed=8238315460171940229 | n=100
0		1.0
0.1		1.619672131147541
0.2		1.8688524590163935
0.3		1.6557377049180328
0.4		1.8229508196721311
0.5		1.5081967213114753
0.6		1.7081967213114755
0.7		1.8885245901639345
0.8		1.5639344262295083
0.9		1.8163934426229509
1		1.439344262295082
> assign100.txt | 07 April 2024, 14:39:36 | Seed=4712607704949906834 | n=100
0		1.0
0.1		1.4229508196721312
0.2		1.7049180327868851
0.3		1.8163934426229509
0.4		1.7475409836065574
0.5		1.8098360655737704
0.6		1.7311475409836066
0.7		1.8655737704918032
0.8		1.780327868852459
0.9		1.3639344262295081
1		1.6098360655737705
> assign100.txt | 07 April 2024, 14:39:36 | Seed=2971679957815227278 | n=100
0		1.0
0.1		1.455737704918033
0.2		1.8721311475409836
0.3		1.4885245901639343
0.4		1.8032786885245902
0.5		1.7049180327868851
0.6		1.7704918032786885
0.7		1.681967213114754
0.8		1.8
0.9		1.5836065573770493
1		1.5540983606557377
> assign100.txt | 07 April 2024, 14:39:37 | Seed=2930614378697301954 | n=100
0		1.0
0.1		1.6131147540983606
0.2		1.6655737704918032
0.3		1.5245901639344261
0.4		1.7573770491803278
0.5		1.8327868852459017
0.6		1.521311475409836
0.7		1.678688524590164
0.8		1.6852459016393442
0.9		1.619672131147541
1		1.6229508196721312
> assign100.txt | 07 April 2024, 14:39:37 | Seed=6603472049559677332 | n=100
0		1.0
0.1		1.7311475409836066
0.2		1.4754098360655739
0.3		1.9508196721311475
0.4		1.9114754098360656
0.5		1.9081967213114754
0.6		2.045901639344262
0.7		1.6131147540983606
0.8		1.9704918032786884
0.9		1.7836065573770492
1		1.481967213114754
> assign100.txt | 07 April 2024, 14:39:38 | Seed=6632191650649854162 | n=100
0		1.0
0.1		1.481967213114754
0.2		1.4721311475409835
0.3		1.5704918032786885
0.4		1.6065573770491803
0.5		2.0327868852459017
0.6		1.862295081967213
0.7		2.101639344262295
0.8		1.7606557377049181
0.9		1.901639344262295
1		1.8950819672131147
> assign100.txt | 07 April 2024, 14:39:38 | Seed=7955110329041954409 | n=100
0		1.0
0.1		1.8557377049180328
0.2		1.7934426229508196
0.3		1.4360655737704917
0.4		1.7278688524590164
0.5		1.9114754098360656
0.6		1.6688524590163933
0.7		1.6459016393442623
0.8		1.842622950819672
0.9		1.7081967213114755
1		1.7508196721311475
> assign100.txt | 07 April 2024, 14:39:38 | Seed=7993533820161639185 | n=100
0		1.0
0.1		1.5508196721311476
0.2		1.5081967213114753
0.3		1.6655737704918032
0.4		1.9278688524590164
0.5		1.619672131147541
0.6		1.7639344262295082
0.7		1.681967213114754
0.8		1.6655737704918032
0.9		1.7540983606557377
1		1.9081967213114754
> assign100.txt | 07 April 2024, 14:39:39 | Seed=7515475434646481275 | n=100
0		1.0
0.1		1.4065573770491804
0.2		1.518032786885246
0.3		1.6688524590163933
0.4		1.8721311475409836
0.5		1.6721311475409837
0.6		1.7540983606557377
0.7		1.4885245901639343
0.8		2.3114754098360657
0.9		1.616393442622951
1		1.6229508196721312
> assign100.txt | 07 April 2024, 14:39:39 | Seed=1583320362573268115 | n=100
0		1.0
0.1		1.540983606557377
0.2		1.4655737704918033
0.3		1.560655737704918
0.4		1.859016393442623
0.5		1.79672131147541
0.6		1.639344262295082
0.7		1.8131147540983608
0.8		1.8491803278688526
0.9		1.4918032786885247
1		1.6754098360655738
> assign100.txt | 07 April 2024, 14:39:40 | Seed=8199564772455347903 | n=100
0		1.0
0.1		1.639344262295082
0.2		1.5770491803278688
0.3		1.5508196721311476
0.4		1.639344262295082
0.5		1.8098360655737704
0.6		1.8524590163934427
0.7		1.8786885245901639
0.8		1.8754098360655738
0.9		1.7606557377049181
1		1.5114754098360657
> assign100.txt | 07 April 2024, 14:39:40 | Seed=6863781160100167645 | n=100
0		1.0
0.1		1.4852459016393442
0.2		1.740983606557377
0.3		2.0688524590163935
0.4		1.481967213114754
0.5		1.4622950819672131
0.6		1.8262295081967213
0.7		1.8
0.8		1.6918032786885246
0.9		1.9081967213114754
1		1.5639344262295083
> assign100.txt | 07 April 2024, 14:39:40 | Seed=3722454096719652394 | n=100
0		1.0
0.1		1.5114754098360657
0.2		1.5081967213114753
0.3		2.3081967213114756
0.4		1.721311475409836
0.5		1.681967213114754
0.6		1.862295081967213
0.7		1.7377049180327868
0.8		1.780327868852459
0.9		1.7377049180327868
1		1.8983606557377048
> assign100.txt | 07 April 2024, 14:39:41 | Seed=5676459161921464503 | n=100
0		1.0
0.1		1.5081967213114753
0.2		1.8721311475409836
0.3		1.6655737704918032
0.4		2.134426229508197
0.5		2.098360655737705
0.6		1.9278688524590164
0.7		1.681967213114754
0.8		1.6426229508196721
0.9		1.839344262295082
1		1.7081967213114755
> assign100.txt | 07 April 2024, 14:39:41 | Seed=6133011315272588293 | n=100
0		1.0
0.1		1.4655737704918033
0.2		1.4524590163934425
0.3		1.7672131147540984
0.4		1.6557377049180328
0.5		1.8655737704918032
0.6		1.9540983606557376
0.7		1.7377049180327868
0.8		1.6721311475409837
0.9		1.8983606557377048
1		1.6918032786885246
> assign100.txt | 07 April 2024, 14:39:42 | Seed=4397892325916494267 | n=100
0		1.0
0.1		1.7868852459016393
0.2		1.839344262295082
0.3		1.9475409836065574
0.4		1.8262295081967213
0.5		1.839344262295082
0.6		1.9639344262295082
0.7		1.8229508196721311
0.8		1.8098360655737704
0.9		1.681967213114754
1		1.662295081967213
> assign100.txt | 07 April 2024, 14:39:42 | Seed=4690131767681097680 | n=100
0		1.0
0.1		1.5245901639344261
0.2		1.8295081967213114
0.3		1.6754098360655738
0.4		1.8491803278688526
0.5		1.6131147540983606
0.6		1.9836065573770492
0.7		1.7180327868852459
0.8		1.8098360655737704
0.9		1.7245901639344263
1		1.79672131147541
> assign100.txt | 07 April 2024, 14:39:42 | Seed=4858798197274505953 | n=100
0		1.0
0.1		1.4459016393442623
0.2		1.5704918032786885
0.3		1.7311475409836066
0.4		2.1278688524590166
0.5		1.7475409836065574
0.6		2.275409836065574
0.7		1.777049180327869
0.8		1.5639344262295083
0.9		1.9311475409836065
1		1.9213114754098362
> assign100.txt | 07 April 2024, 14:39:43 | Seed=2819273388401362850 | n=100
0		1.0
0.1		1.701639344262295
0.2		1.8163934426229509
0.3		1.4622950819672131
0.4		1.8360655737704918
0.5		2.0131147540983605
0.6		1.8655737704918032
0.7		1.5967213114754097
0.8		1.6360655737704919
0.9		1.8688524590163935
1		1.8852459016393444
> assign100.txt | 07 April 2024, 14:39:43 | Seed=3582402275039596083 | n=100
0		1.0
0.1		1.2459016393442623
0.2		1.6032786885245902
0.3		1.701639344262295
0.4		1.7901639344262295
0.5		1.8885245901639345
0.6		1.459016393442623
0.7		1.777049180327869
0.8		1.5901639344262295
0.9		1.7049180327868851
1		1.6885245901639345
> assign100.txt | 07 April 2024, 14:39:44 | Seed=3654309260163831207 | n=100
0		1.0
0.1		1.681967213114754
0.2		1.8852459016393444
0.3		1.8885245901639345
0.4		1.6262295081967213
0.5		1.8
0.6		2.00327868852459
0.7		1.9114754098360656
0.8		1.881967213114754
0.9		1.4032786885245903
1		1.7377049180327868
> assign100.txt | 07 April 2024, 14:39:44 | Seed=7342380441221817901 | n=100
0		1.0
0.1		1.6918032786885246
0.2		1.6557377049180328
0.3		1.7278688524590164
0.4		1.7049180327868851
0.5		1.9344262295081966
0.6		1.7081967213114755
0.7		1.7377049180327868
0.8		1.478688524590164
0.9		1.7049180327868851
1		1.6918032786885246
> assign100.txt | 07 April 2024, 14:39:44 | Seed=1832027409329856497 | n=100
0		1.0
0.1		1.4065573770491804
0.2		1.6491803278688524
0.3		1.9540983606557376
0.4		2.259016393442623
0.5		1.8852459016393444
0.6		1.9180327868852458
0.7		2.081967213114754
0.8		1.7442622950819673
0.9		1.7934426229508196
1		1.7704918032786885
> assign100.txt | 07 April 2024, 14:39:45 | Seed=2601055969424192987 | n=100
0		1.0
0.1		1.7868852459016393
0.2		1.8098360655737704
0.3		1.7278688524590164
0.4		1.9967213114754099
0.5		1.9049180327868853
0.6		1.8295081967213114
0.7		1.8918032786885246
0.8		1.937704918032787
0.9		1.9639344262295082
1		1.521311475409836
> assign200.txt | 07 April 2024, 14:39:46 | Seed=1837780782641347720 | n=200
0		1.0
0.1		1.4273684210526316
0.2		1.3747368421052633
0.3		1.4463157894736842
0.4		1.6378947368421053
0.5		1.5494736842105263
0.6		1.7894736842105263
0.7		1.56
0.8		1.7726315789473683
0.9		1.823157894736842
1		1.7494736842105263
> assign200.txt | 07 April 2024, 14:39:48 | Seed=8860407417080439459 | n=200
0		1.0
0.1		1.5494736842105263
0.2		1.5010526315789474
0.3		1.5957894736842104
0.4		1.6652631578947368
0.5		1.8505263157894736
0.6		1.6252631578947367
0.7		1.4126315789473685
0.8		1.7452631578947368
0.9		1.7136842105263157
1		1.591578947368421
> assign200.txt | 07 April 2024, 14:39:50 | Seed=3083464867725253492 | n=200
0		1.0
0.1		1.5157894736842106
0.2		1.6505263157894736
0.3		1.4273684210526316
0.4		1.5157894736842106
0.5		1.7515789473684211
0.6		1.911578947368421
0.7		1.6252631578947367
0.8		1.6463157894736842
0.9		1.6252631578947367
1		1.8021052631578947
> assign200.txt | 07 April 2024, 14:39:52 | Seed=8707871547661016158 | n=200
0		1.0
0.1		1.5978947368421053
0.2		1.351578947368421
0.3		1.6273684210526316
0.4		1.8210526315789475
0.5		1.6231578947368421
0.6		1.4589473684210525
0.7		1.5810526315789473
0.8		1.5894736842105264
0.9		1.648421052631579
1		1.6105263157894736
> assign200.txt | 07 April 2024, 14:39:54 | Seed=1536605796367312129 | n=200
0		1.0
0.1		1.5494736842105263
0.2		1.52
0.3		1.4631578947368422
0.4		1.4926315789473685
0.5		1.6210526315789473
0.6		1.5978947368421053
0.7		1.4673684210526317
0.8		1.8673684210526316
0.9		1.768421052631579
1		1.5536842105263158
> assign200.txt | 07 April 2024, 14:39:55 | Seed=5338918541655205735 | n=200
0		1.0
0.1		1.288421052631579
0.2		1.4694736842105263
0.3		1.5768421052631578
0.4		1.568421052631579
0.5		1.8147368421052632
0.6		1.64
0.7		1.585263157894737
0.8		1.831578947368421
0.9		1.9031578947368422
1		1.6505263157894736
> assign200.txt | 07 April 2024, 14:39:57 | Seed=8238315460171940229 | n=200
0		1.0
0.1		1.2968421052631578
0.2		1.2421052631578948
0.3		1.7410526315789474
0.4		1.4526315789473685
0.5		1.6378947368421053
0.6		1.4926315789473685
0.7		1.7284210526315789
0.8		1.6757894736842105
0.9		1.7621052631578948
1		1.736842105263158
> assign200.txt | 07 April 2024, 14:39:59 | Seed=4712607704949906834 | n=200
0		1.0
0.1		1.568421052631579
0.2		1.6610526315789473
0.3		1.5473684210526315
0.4		1.64
0.5		1.566315789473684
0.6		1.6378947368421053
0.7		1.6421052631578947
0.8		1.4736842105263157
0.9		1.6526315789473685
1		1.871578947368421
> assign200.txt | 07 April 2024, 14:40:01 | Seed=2971679957815227278 | n=200
0		1.0
0.1		1.345263157894737
0.2		1.6273684210526316
0.3		1.4231578947368422
0.4		1.6905263157894737
0.5		1.7094736842105263
0.6		1.5073684210526315
0.7		1.8105263157894738
0.8		1.8021052631578947
0.9		1.7031578947368422
1		1.736842105263158
> assign200.txt | 07 April 2024, 14:40:03 | Seed=2930614378697301954 | n=200
0		1.0
0.1		1.4926315789473685
0.2		1.6926315789473685
0.3		1.656842105263158
0.4		1.5010526315789474
0.5		1.831578947368421
0.6		1.7157894736842105
0.7		1.503157894736842
0.8		1.6673684210526316
0.9		1.6757894736842105
1		1.6126315789473684
> assign200.txt | 07 April 2024, 14:40:05 | Seed=6603472049559677332 | n=200
0		1.0
0.1		1.3768421052631579
0.2		1.5347368421052632
0.3		1.6063157894736841
0.4		1.6842105263157894
0.5		1.545263157894737
0.6		1.583157894736842
0.7		1.8168421052631578
0.8		1.76
0.9		1.7389473684210526
1		1.6
> assign200.txt | 07 April 2024, 14:40:07 | Seed=6632191650649854162 | n=200
0		1.0
0.1		1.5136842105263157
0.2		1.591578947368421
0.3		1.5894736842105264
0.4		1.7010526315789474
0.5		1.6757894736842105
0.6		1.6442105263157896
0.7		1.6905263157894737
0.8		1.585263157894737
0.9		1.545263157894737
1		1.5073684210526315
> assign200.txt | 07 April 2024, 14:40:08 | Seed=7955110329041954409 | n=200
0		1.0
0.1		1.5894736842105264
0.2		1.5578947368421052
0.3		1.5221052631578946
0.4		1.6526315789473685
0.5		1.9389473684210525
0.6		1.6526315789473685
0.7		1.711578947368421
0.8		1.6589473684210527
0.9		1.7621052631578948
1		1.7873684210526315
> assign200.txt | 07 April 2024, 14:40:10 | Seed=7993533820161639185 | n=200
0		1.0
0.1		1.4273684210526316
0.2		1.4926315789473685
0.3		1.551578947368421
0.4		1.5136842105263157
0.5		1.8147368421052632
0.6		1.7347368421052631
0.7		1.7978947368421052
0.8		1.688421052631579
0.9		1.7242105263157894
1		1.9052631578947368
> assign200.txt | 07 April 2024, 14:40:12 | Seed=7515475434646481275 | n=200
0		1.0
0.1		1.4673684210526317
0.2		1.5052631578947369
0.3		1.6926315789473685
0.4		1.4989473684210526
0.5		1.6336842105263158
0.6		1.7326315789473685
0.7		1.3957894736842105
0.8		1.64
0.9		1.5557894736842106
1		1.6736842105263159
> assign200.txt | 07 April 2024, 14:40:14 | Seed=1583320362573268115 | n=200
0		1.0
0.1		1.503157894736842
0.2		1.5536842105263158
0.3		1.6210526315789473
0.4		1.6
0.5		1.656842105263158
0.6		1.6126315789473684
0.7		1.6210526315789473
0.8		1.6778947368421053
0.9		1.5305263157894737
1		1.7536842105263157
> assign200.txt | 07 April 2024, 14:40:16 | Seed=8199564772455347903 | n=200
0		1.0
0.1		1.2147368421052631
0.2		1.551578947368421
0.3		1.6042105263157895
0.4		1.7031578947368422
0.5		1.6863157894736842
0.6		1.6021052631578947
0.7		1.5473684210526315
0.8		1.688421052631579
0.9		1.711578947368421
1		1.7452631578947368
> assign200.txt | 07 April 2024, 14:40:17 | Seed=6863781160100167645 | n=200
0		1.0
0.1		1.503157894736842
0.2		1.5178947368421052
0.3		1.6589473684210527
0.4		1.6231578947368421
0.5		1.566315789473684
0.6		1.736842105263158
0.7		1.5936842105263158
0.8		1.5347368421052632
0.9		1.6989473684210525
1		1.711578947368421
> assign200.txt | 07 April 2024, 14:40:19 | Seed=3722454096719652394 | n=200
0		1.0
0.1		1.4757894736842105
0.2		1.6526315789473685
0.3		1.608421052631579
0.4		1.8610526315789473
0.5		1.608421052631579
0.6		1.5957894736842104
0.7		1.5621052631578947
0.8		1.6589473684210527
0.9		1.3726315789473684
1		1.7557894736842106
> assign200.txt | 07 April 2024, 14:40:21 | Seed=5676459161921464503 | n=200
0		1.0
0.1		1.3789473684210527
0.2		1.4905263157894737
0.3		1.5747368421052632
0.4		1.848421052631579
0.5		1.5073684210526315
0.6		1.8357894736842104
0.7		1.5936842105263158
0.8		1.7031578947368422
0.9		1.656842105263158
1		1.7094736842105263
> assign200.txt | 07 April 2024, 14:40:23 | Seed=6133011315272588293 | n=200
0		1.0
0.1		1.6757894736842105
0.2		1.4778947368421054
0.3		1.64
0.4		1.6736842105263159
0.5		1.6378947368421053
0.6		1.6231578947368421
0.7		1.8210526315789475
0.8		1.6989473684210525
0.9		1.5221052631578946
1		1.5726315789473684
> assign200.txt | 07 April 2024, 14:40:25 | Seed=4397892325916494267 | n=200
0		1.0
0.1		1.566315789473684
0.2		1.6105263157894736
0.3		1.6210526315789473
0.4		1.568421052631579
0.5		1.688421052631579
0.6		1.6147368421052632
0.7		1.7894736842105263
0.8		1.7452631578947368
0.9		1.6442105263157896
1		1.6821052631578948
> assign200.txt | 07 April 2024, 14:40:26 | Seed=4690131767681097680 | n=200
0		1.0
0.1		1.6442105263157896
0.2		1.5157894736842106
0.3		1.4505263157894737
0.4		1.6842105263157894
0.5		1.5010526315789474
0.6		1.6105263157894736
0.7		1.4021052631578947
0.8		1.7663157894736843
0.9		1.8189473684210526
1		1.5747368421052632
> assign200.txt | 07 April 2024, 14:40:28 | Seed=4858798197274505953 | n=200
0		1.0
0.1		1.4231578947368422
0.2		1.5473684210526315
0.3		1.6168421052631579
0.4		1.6821052631578948
0.5		1.7305263157894737
0.6		1.8063157894736843
0.7		1.545263157894737
0.8		1.7094736842105263
0.9		1.848421052631579
1		1.6610526315789473
> assign200.txt | 07 April 2024, 14:40:30 | Seed=2819273388401362850 | n=200
0		1.0
0.1		1.431578947368421
0.2		1.4757894736842105
0.3		1.5894736842105264
0.4		1.711578947368421
0.5		1.6
0.6		1.7073684210526316
0.7		1.5621052631578947
0.8		1.64
0.9		1.696842105263158
1		1.8463157894736841
> assign200.txt | 07 April 2024, 14:40:31 | Seed=3582402275039596083 | n=200
0		1.0
0.1		1.4736842105263157
0.2		1.6294736842105264
0.3		1.5410526315789475
0.4		1.5894736842105264
0.5		1.7621052631578948
0.6		1.583157894736842
0.7		1.6863157894736842
0.8		1.6273684210526316
0.9		1.583157894736842
1		1.7010526315789474
> assign200.txt | 07 April 2024, 14:40:33 | Seed=3654309260163831207 | n=200
0		1.0
0.1		1.5642105263157895
0.2		1.9094736842105262
0.3		1.8968421052631579
0.4		1.671578947368421
0.5		1.7347368421052631
0.6		1.6610526315789473
0.7		1.7515789473684211
0.8		1.585263157894737
0.9		1.608421052631579
1		1.7347368421052631
> assign200.txt | 07 April 2024, 14:40:35 | Seed=7342380441221817901 | n=200
0		1.0
0.1		1.4863157894736843
0.2		1.608421052631579
0.3		1.5894736842105264
0.4		1.7452631578947368
0.5		1.5536842105263158
0.6		1.631578947368421
0.7		1.4673684210526317
0.8		1.5263157894736843
0.9		1.6021052631578947
1		1.7473684210526317
> assign200.txt | 07 April 2024, 14:40:37 | Seed=1832027409329856497 | n=200
0		1.0
0.1		1.688421052631579
0.2		1.6610526315789473
0.3		1.5705263157894738
0.4		1.5557894736842106
0.5		1.5263157894736843
0.6		1.68
0.7		1.6021052631578947
0.8		1.7936842105263158
0.9		1.6105263157894736
1		1.4989473684210526
> assign200.txt | 07 April 2024, 14:40:38 | Seed=2601055969424192987 | n=200
0		1.0
0.1		1.4021052631578947
0.2		1.5178947368421052
0.3		1.566315789473684
0.4		1.5557894736842106
0.5		1.6652631578947368
0.6		1.4631578947368422
0.7		1.654736842105263
0.8		1.894736842105263
0.9		1.7031578947368422
1		1.7052631578947368
> assign300.txt | 07 April 2024, 14:40:42 | Seed=1837780782641347720 | n=300
0		1.0
0.1		1.1325878594249201
0.2		1.511182108626198
0.3		1.6070287539936101
0.4		1.6038338658146964
0.5		1.6613418530351438
0.6		1.5447284345047922
0.7		1.6277955271565496
0.8		1.4936102236421724
0.9		1.5878594249201279
1		1.5287539936102237
> assign300.txt | 07 April 2024, 14:40:46 | Seed=8860407417080439459 | n=300
0		1.0
0.1		1.4920127795527156
0.2		1.6006389776357828
0.3		1.6054313099041533
0.4		1.536741214057508
0.5		1.6693290734824282
0.6		1.6549520766773163
0.7		1.3881789137380192
0.8		1.5926517571884984
0.9		1.6900958466453675
1		1.3993610223642172
> assign300.txt | 07 April 2024, 14:40:51 | Seed=3083464867725253492 | n=300
0		1.0
0.1		1.4217252396166133
0.2		1.5303514376996805
0.3		1.5303514376996805
0.4		1.4824281150159744
0.5		1.4345047923322685
0.6		1.4536741214057507
0.7		1.6389776357827477
0.8		1.5910543130990416
0.9		1.5862619808306708
1		1.5878594249201279
> assign300.txt | 07 April 2024, 14:40:55 | Seed=8707871547661016158 | n=300
0		1.0
0.1		1.595846645367412
0.2		1.439297124600639
0.3		1.535143769968051
0.4		1.5159744408945688
0.5		1.549520766773163
0.6		1.6277955271565496
0.7		1.47444089456869
0.8		1.6261980830670926
0.9		1.659744408945687
1		1.595846645367412
> assign300.txt | 07 April 2024, 14:40:59 | Seed=1536605796367312129 | n=300
0		1.0
0.1		1.5942492012779552
0.2		1.4137380191693292
0.3		1.656549520766773
0.4		1.5079872204472844
0.5		1.6725239616613419
0.6		1.6022364217252396
0.7		1.5926517571884984
0.8		1.5686900958466454
0.9		1.5926517571884984
1		1.560702875399361
> assign300.txt | 07 April 2024, 14:41:03 | Seed=5338918541655205735 | n=300
0		1.0
0.1		1.3961661341853036
0.2		1.3722044728434504
0.3		1.4185303514376997
0.4		1.5431309904153354
0.5		1.6501597444089458
0.6		1.584664536741214
0.7		1.4952076677316295
0.8		1.6373801916932906
0.9		1.6773162939297124
1		1.5079872204472844
> assign300.txt | 07 April 2024, 14:41:07 | Seed=8238315460171940229 | n=300
0		1.0
0.1		1.3578274760383386
0.2		1.5063897763578276
0.3		1.488817891373802
0.4		1.731629392971246
0.5		1.5559105431309903
0.6		1.5447284345047922
0.7		1.5942492012779552
0.8		1.5287539936102237
0.9		1.47444089456869
1		1.731629392971246
> assign300.txt | 07 April 2024, 14:41:11 | Seed=4712607704949906834 | n=300
0		1.0
0.1		1.3801916932907348
0.2		1.4089456869009584
0.3		1.400958466453674
0.4		1.5654952076677315
0.5		1.6421725239616614
0.6		1.512779552715655
0.7		1.461661341853035
0.8		1.538338658146965
0.9		1.415335463258786
1		1.4536741214057507
> assign300.txt | 07 April 2024, 14:41:15 | Seed=2971679957815227278 | n=300
0		1.0
0.1		1.3258785942492013
0.2		1.5830670926517572
0.3		1.5878594249201279
0.4		1.5798722044728435
0.5		1.7587859424920127
0.6		1.5335463258785942
0.7		1.5623003194888179
0.8		1.6421725239616614
0.9		1.5207667731629393
1		1.5143769968051117
> assign300.txt | 07 April 2024, 14:41:19 | Seed=2930614378697301954 | n=300
0		1.0
0.1		1.4600638977635783
0.2		1.5143769968051117
0.3		1.4345047923322685
0.4		1.744408945686901
0.5		1.6789137380191694
0.6		1.4472843450479234
0.7		1.5878594249201279
0.8		1.5527156549520766
0.9		1.5319488817891374
1		1.656549520766773
> assign300.txt | 07 April 2024, 14:41:23 | Seed=6603472049559677332 | n=300
0		1.0
0.1		1.5623003194888179
0.2		1.6038338658146964
0.3		1.6869009584664536
0.4		1.6086261980830672
0.5		1.4408945686900958
0.6		1.4920127795527156
0.7		1.7396166134185302
0.8		1.6293929712460065
0.9		1.7603833865814698
1		1.5015974440894568
> assign300.txt | 07 April 2024, 14:41:27 | Seed=6632191650649854162 | n=300
0		1.0
0.1		1.4121405750798721
0.2		1.4552715654952078
0.3		1.744408945686901
0.4		1.5575079872204474
0.5		1.670926517571885
0.6		1.5447284345047922
0.7		1.5894568690095847
0.8		1.621405750798722
0.9		1.5271565495207668
1		1.4904153354632588
> assign300.txt | 07 April 2024, 14:41:31 | Seed=7955110329041954409 | n=300
0		1.0
0.1		1.3498402555910542
0.2		1.4408945686900958
0.3		1.3833865814696487
0.4		1.6389776357827477
0.5		1.5798722044728435
0.6		1.610223642172524
0.7		1.464856230031949
0.8		1.6773162939297124
0.9		1.6150159744408945
1		1.6405750798722045
> assign300.txt | 07 April 2024, 14:41:36 | Seed=7993533820161639185 | n=300
0		1.0
0.1		1.5686900958466454
0.2		1.4552715654952078
0.3		1.5143769968051117
0.4		1.5287539936102237
0.5		1.426517571884984
0.6		1.7028753993610224
0.7		1.648562300319489
0.8		1.5559105431309903
0.9		1.6022364217252396
1		1.6277955271565496
> assign300.txt | 07 April 2024, 14:41:40 | Seed=7515475434646481275 | n=300
0		1.0
0.1		1.560702875399361
0.2		1.4376996805111821
0.3		1.3610223642172523
0.4		1.6182108626198084
0.5		1.538338658146965
0.6		1.571884984025559
0.7		1.6006389776357828
0.8		1.6373801916932906
0.9		1.4456869009584665
1		1.5782747603833867
> assign300.txt | 07 April 2024, 14:41:44 | Seed=1583320362573268115 | n=300
0		1.0
0.1		1.4073482428115016
0.2		1.535143769968051
0.3		1.5031948881789137
0.4		1.634185303514377
0.5		1.560702875399361
0.6		1.6932907348242812
0.7		1.4712460063897763
0.8		1.623003194888179
0.9		1.6932907348242812
1		1.5830670926517572
> assign300.txt | 07 April 2024, 14:41:48 | Seed=8199564772455347903 | n=300
0		1.0
0.1		1.3386581469648562
0.2		1.4376996805111821
0.3		1.599041533546326
0.4		1.5287539936102237
0.5		1.682108626198083
0.6		1.3945686900958467
0.7		1.6533546325878594
0.8		1.6134185303514377
0.9		1.4984025559105432
1		1.7044728434504792
> assign300.txt | 07 April 2024, 14:41:52 | Seed=6863781160100167645 | n=300
0		1.0
0.1		1.47444089456869
0.2		1.5798722044728435
0.3		1.694888178913738
0.4		1.5207667731629393
0.5		1.6773162939297124
0.6		1.6932907348242812
0.7		1.6373801916932906
0.8		1.6070287539936101
0.9		1.4249201277955272
1		1.6006389776357828
> assign300.txt | 07 April 2024, 14:41:56 | Seed=3722454096719652394 | n=300
0		1.0
0.1		1.5766773162939298
0.2		1.5862619808306708
0.3		1.549520766773163
0.4		1.6964856230031948
0.5		1.4584664536741214
0.6		1.6054313099041533
0.7		1.6773162939297124
0.8		1.7220447284345048
0.9		1.536741214057508
1		1.5638977635782747
> assign300.txt | 07 April 2024, 14:42:00 | Seed=5676459161921464503 | n=300
0		1.0
0.1		1.329073482428115
0.2		1.5143769968051117
0.3		1.5654952076677315
0.4		1.6517571884984026
0.5		1.599041533546326
0.6		1.6150159744408945
0.7		1.4904153354632588
0.8		1.6741214057507987
0.9		1.5638977635782747
1		1.5207667731629393
> assign300.txt | 07 April 2024, 14:42:04 | Seed=6133011315272588293 | n=300
0		1.0
0.1		1.464856230031949
0.2		1.5559105431309903
0.3		1.5319488817891374
0.4		1.6517571884984026
0.5		1.6533546325878594
0.6		1.6437699680511182
0.7		1.6309904153354633
0.8		1.5143769968051117
0.9		1.6805111821086263
1		1.5559105431309903
> assign300.txt | 07 April 2024, 14:42:08 | Seed=4397892325916494267 | n=300
0		1.0
0.1		1.571884984025559
0.2		1.426517571884984
0.3		1.68370607028754
0.4		1.511182108626198
0.5		1.5782747603833867
0.6		1.523961661341853
0.7		1.4920127795527156
0.8		1.5447284345047922
0.9		1.6501597444089458
1		1.6757188498402555
> assign300.txt | 07 April 2024, 14:42:12 | Seed=4690131767681097680 | n=300
0		1.0
0.1		1.3993610223642172
0.2		1.415335463258786
0.3		1.597444089456869
0.4		1.6900958466453675
0.5		1.4952076677316295
0.6		1.4904153354632588
0.7		1.5686900958466454
0.8		1.7172523961661341
0.9		1.538338658146965
1		1.595846645367412
> assign300.txt | 07 April 2024, 14:42:16 | Seed=4858798197274505953 | n=300
0		1.0
0.1		1.3961661341853036
0.2		1.5830670926517572
0.3		1.6725239616613419
0.4		1.5814696485623003
0.5		1.523961661341853
0.6		1.488817891373802
0.7		1.6661341853035143
0.8		1.6645367412140575
0.9		1.6405750798722045
1		1.6533546325878594
> assign300.txt | 07 April 2024, 14:42:20 | Seed=2819273388401362850 | n=300
0		1.0
0.1		1.4440894568690097
0.2		1.6741214057507987
0.3		1.5447284345047922
0.4		1.5591054313099042
0.5		1.6086261980830672
0.6		1.487220447284345
0.7		1.535143769968051
0.8		1.670926517571885
0.9		1.597444089456869
1		1.623003194888179
> assign300.txt | 07 April 2024, 14:42:25 | Seed=3582402275039596083 | n=300
0		1.0
0.1		1.599041533546326
0.2		1.4169329073482428
0.3		1.487220447284345
0.4		1.5782747603833867
0.5		1.7124600638977636
0.6		1.7124600638977636
0.7		1.7268370607028753
0.8		1.573482428115016
0.9		1.5670926517571886
1		1.6757188498402555
> assign300.txt | 07 April 2024, 14:42:29 | Seed=3654309260163831207 | n=300
0		1.0
0.1		1.6549520766773163
0.2		1.6869009584664536
0.3		1.5926517571884984
0.4		1.5207667731629393
0.5		1.6421725239616614
0.6		1.7044728434504792
0.7		1.6501597444089458
0.8		1.5143769968051117
0.9		1.5559105431309903
1		1.5527156549520766
> assign300.txt | 07 April 2024, 14:42:33 | Seed=7342380441221817901 | n=300
0		1.0
0.1		1.34185303514377
0.2		1.415335463258786
0.3		1.5782747603833867
0.4		1.634185303514377
0.5		1.65814696485623
0.6		1.4488817891373802
0.7		1.5543130990415335
0.8		1.6677316293929711
0.9		1.6261980830670926
1		1.5942492012779552
> assign300.txt | 07 April 2024, 14:42:37 | Seed=1832027409329856497 | n=300
0		1.0
0.1		1.4824281150159744
0.2		1.4249201277955272
0.3		1.6309904153354633
0.4		1.5095846645367412
0.5		1.597444089456869
0.6		1.6118210862619808
0.7		1.5798722044728435
0.8		1.5047923322683705
0.9		1.5159744408945688
1		1.718849840255591
> assign300.txt | 07 April 2024, 14:42:41 | Seed=2601055969424192987 | n=300
0		1.0
0.1		1.3354632587859425
0.2		1.4856230031948883
0.3		1.6805111821086263
0.4		1.6900958466453675
0.5		1.5271565495207668
0.6		1.5431309904153354
0.7		1.5463258785942493
0.8		1.536741214057508
0.9		1.4984025559105432
1		1.706070287539936
> assign400.txt | 07 April 2024, 14:42:48 | Seed=1837780782641347720 | n=400
0		1.0
0.1		1.3805970149253732
0.2		1.5223880597014925
0.3		1.3544776119402986
0.4		1.414179104477612
0.5		1.527363184079602
0.6		1.568407960199005
0.7		1.578358208955224
0.8		1.5124378109452736
0.9		1.5174129353233832
1		1.5758706467661692
> assign400.txt | 07 April 2024, 14:42:56 | Seed=8860407417080439459 | n=400
0		1.0
0.1		1.38681592039801
0.2		1.407960199004975
0.3		1.4564676616915422
0.4		1.449004975124378
0.5		1.5634328358208955
0.6		1.4813432835820894
0.7		1.4539800995024876
0.8		1.4738805970149254
0.9		1.5820895522388059
1		1.6256218905472637
> assign400.txt | 07 April 2024, 14:43:04 | Seed=3083464867725253492 | n=400
0		1.0
0.1		1.4713930348258706
0.2		1.5149253731343284
0.3		1.7549751243781095
0.4		1.5236318407960199
0.5		1.3743781094527363
0.6		1.5733830845771144
0.7		1.6330845771144278
0.8		1.3967661691542288
0.9		1.558457711442786
1		1.486318407960199
> assign400.txt | 07 April 2024, 14:43:11 | Seed=8707871547661016158 | n=400
0		1.0
0.1		1.3619402985074627
0.2		1.4701492537313432
0.3		1.4676616915422886
0.4		1.4912935323383085
0.5		1.5348258706467661
0.6		1.4950248756218905
0.7		1.4179104477611941
0.8		1.6393034825870647
0.9		1.414179104477612
1		1.6007462686567164
> assign400.txt | 07 April 2024, 14:43:18 | Seed=1536605796367312129 | n=400
0		1.0
0.1		1.3855721393034826
0.2		1.5149253731343284
0.3		1.5895522388059702
0.4		1.4614427860696517
0.5		1.5733830845771144
0.6		1.5746268656716418
0.7		1.4029850746268657
0.8		1.5485074626865671
0.9		1.5111940298507462
1		1.6616915422885572
> assign400.txt | 07 April 2024, 14:43:26 | Seed=5338918541655205735 | n=400
0		1.0
0.1		1.4191542288557213
0.2		1.507462686567164
0.3		1.4104477611940298
0.4		1.441542288557214
0.5		1.5460199004975124
0.6		1.5485074626865671
0.7		1.4975124378109452
0.8		1.455223880597015
0.9		1.4825870646766168
1		1.5310945273631842
> assign400.txt | 07 April 2024, 14:43:34 | Seed=8238315460171940229 | n=400
0		1.0
0.1		1.277363184079602
0.2		1.4365671641791045
0.3		1.441542288557214
0.4		1.7835820895522387
0.5		1.5261194029850746
0.6		1.537313432835821
0.7		1.4888059701492538
0.8		1.6529850746268657
0.9		1.5385572139303483
1		1.5323383084577114
> assign400.txt | 07 April 2024, 14:43:41 | Seed=4712607704949906834 | n=400
0		1.0
0.1		1.2960199004975124
0.2		1.478855721393035
0.3		1.5348258706467661
0.4		1.4601990049751243
0.5		1.5348258706467661
0.6		1.4390547263681592
0.7		1.6965174129353233
0.8		1.3880597014925373
0.9		1.513681592039801
1		1.4365671641791045
> assign400.txt | 07 April 2024, 14:43:48 | Seed=2971679957815227278 | n=400
0		1.0
0.1		1.4303482587064678
0.2		1.3706467661691542
0.3		1.394278606965174
0.4		1.5833333333333333
0.5		1.4092039800995024
0.6		1.5460199004975124
0.7		1.6343283582089552
0.8		1.6156716417910448
0.9		1.4751243781094527
1		1.5708955223880596
> assign400.txt | 07 April 2024, 14:43:56 | Seed=2930614378697301954 | n=400
0		1.0
0.1		1.4651741293532339
0.2		1.4614427860696517
0.3		1.3669154228855722
0.4		1.4328358208955223
0.5		1.6119402985074627
0.6		1.4465174129353233
0.7		1.492537313432836
0.8		1.527363184079602
0.9		1.592039800995025
1		1.5497512437810945
> assign400.txt | 07 April 2024, 14:44:04 | Seed=6603472049559677332 | n=400
0		1.0
0.1		1.3532338308457712
0.2		1.5472636815920398
0.3		1.4564676616915422
0.4		1.4527363184079602
0.5		1.449004975124378
0.6		1.4975124378109452
0.7		1.6666666666666667
0.8		1.4776119402985075
0.9		1.5298507462686568
1		1.6007462686567164
> assign400.txt | 07 April 2024, 14:44:12 | Seed=6632191650649854162 | n=400
0		1.0
0.1		1.478855721393035
0.2		1.3022388059701493
0.3		1.564676616915423
0.4		1.5733830845771144
0.5		1.5485074626865671
0.6		1.4116915422885572
0.7		1.5385572139303483
0.8		1.5460199004975124
0.9		1.4154228855721394
1		1.5310945273631842
> assign400.txt | 07 April 2024, 14:44:20 | Seed=7955110329041954409 | n=400
0		1.0
0.1		1.349502487562189
0.2		1.5298507462686568
0.3		1.4390547263681592
0.4		1.554726368159204
0.5		1.5559701492537314
0.6		1.5460199004975124
0.7		1.5223880597014925
0.8		1.5398009950248757
0.9		1.5970149253731343
1		1.5982587064676617
> assign400.txt | 07 April 2024, 14:44:27 | Seed=7993533820161639185 | n=400
0		1.0
0.1		1.458955223880597
0.2		1.5186567164179106
0.3		1.5223880597014925
0.4		1.4950248756218905
0.5		1.478855721393035
0.6		1.478855721393035
0.7		1.4067164179104477
0.8		1.4676616915422886
0.9		1.4888059701492538
1		1.4800995024875623
> assign400.txt | 07 April 2024, 14:44:35 | Seed=7515475434646481275 | n=400
0		1.0
0.1		1.492537313432836
0.2		1.3196517412935322
0.3		1.4303482587064678
0.4		1.4527363184079602
0.5		1.5186567164179106
0.6		1.5012437810945274
0.7		1.61318407960199
0.8		1.4601990049751243
0.9		1.462686567164179
1		1.5771144278606966
> assign400.txt | 07 April 2024, 14:44:42 | Seed=1583320362573268115 | n=400
0		1.0
0.1		1.3395522388059702
0.2		1.5236318407960199
0.3		1.4465174129353233
0.4		1.5808457711442787
0.5		1.5099502487562189
0.6		1.4751243781094527
0.7		1.5111940298507462
0.8		1.3880597014925373
0.9		1.5609452736318408
1		1.6194029850746268
> assign400.txt | 07 April 2024, 14:44:50 | Seed=8199564772455347903 | n=400
0		1.0
0.1		1.404228855721393
0.2		1.4639303482587065
0.3		1.6293532338308458
0.4		1.5286069651741294
0.5		1.6629353233830846
0.6		1.5049751243781095
0.7		1.5012437810945274
0.8		1.6082089552238805
0.9		1.4092039800995024
1		1.5174129353233832
> assign400.txt | 07 April 2024, 14:44:58 | Seed=6863781160100167645 | n=400
0		1.0
0.1		1.2213930348258706
0.2		1.4664179104477613
0.3		1.5348258706467661
0.4		1.4888059701492538
0.5		1.5621890547263682
0.6		1.558457711442786
0.7		1.5398009950248757
0.8		1.6256218905472637
0.9		1.342039800995025
1		1.4340796019900497
> assign400.txt | 07 April 2024, 14:45:05 | Seed=3722454096719652394 | n=400
0		1.0
0.1		1.3271144278606966
0.2		1.5497512437810945
0.3		1.4888059701492538
0.4		1.5149253731343284
0.5		1.558457711442786
0.6		1.609452736318408
0.7		1.4776119402985075
0.8		1.414179104477612
0.9		1.5186567164179106
1		1.5199004975124377
> assign400.txt | 07 April 2024, 14:45:13 | Seed=5676459161921464503 | n=400
0		1.0
0.1		1.2686567164179106
0.2		1.421641791044776
0.3		1.5485074626865671
0.4		1.5111940298507462
0.5		1.5024875621890548
0.6		1.4440298507462686
0.7		1.5
0.8		1.5485074626865671
0.9		1.492537313432836
1		1.4838308457711442
> assign400.txt | 07 April 2024, 14:45:20 | Seed=6133011315272588293 | n=400
0		1.0
0.1		1.404228855721393
0.2		1.3407960199004976
0.3		1.5597014925373134
0.4		1.3855721393034826
0.5		1.6567164179104477
0.6		1.4987562189054726
0.7		1.478855721393035
0.8		1.595771144278607
0.9		1.4614427860696517
1		1.486318407960199
> assign400.txt | 07 April 2024, 14:45:28 | Seed=4397892325916494267 | n=400
0		1.0
0.1		1.1940298507462686
0.2		1.4017412935323383
0.3		1.5174129353233832
0.4		1.4689054726368158
0.5		1.63681592039801
0.6		1.695273631840796
0.7		1.578358208955224
0.8		1.6330845771144278
0.9		1.5572139303482586
1		1.4738805970149254
> assign400.txt | 07 April 2024, 14:45:36 | Seed=4690131767681097680 | n=400
0		1.0
0.1		1.349502487562189
0.2		1.449004975124378
0.3		1.578358208955224
0.4		1.4539800995024876
0.5		1.6616915422885572
0.6		1.414179104477612
0.7		1.5348258706467661
0.8		1.4701492537313432
0.9		1.5796019900497513
1		1.626865671641791
> assign400.txt | 07 April 2024, 14:45:43 | Seed=4858798197274505953 | n=400
0		1.0
0.1		1.3470149253731343
0.2		1.3345771144278606
0.3		1.527363184079602
0.4		1.4888059701492538
0.5		1.4427860696517414
0.6		1.5236318407960199
0.7		1.4564676616915422
0.8		1.486318407960199
0.9		1.5261194029850746
1		1.4751243781094527
> assign400.txt | 07 April 2024, 14:45:51 | Seed=2819273388401362850 | n=400
0		1.0
0.1		1.4203980099502487
0.2		1.5024875621890548
0.3		1.4154228855721394
0.4		1.5149253731343284
0.5		1.4427860696517414
0.6		1.3383084577114428
0.7		1.5932835820895523
0.8		1.4689054726368158
0.9		1.5037313432835822
1		1.4888059701492538
> assign400.txt | 07 April 2024, 14:45:58 | Seed=3582402275039596083 | n=400
0		1.0
0.1		1.4054726368159205
0.2		1.507462686567164
0.3		1.4651741293532339
0.4		1.6256218905472637
0.5		1.5534825870646767
0.6		1.554726368159204
0.7		1.6517412935323383
0.8		1.5248756218905473
0.9		1.7263681592039801
1		1.4751243781094527
> assign400.txt | 07 April 2024, 14:46:06 | Seed=3654309260163831207 | n=400
0		1.0
0.1		1.3644278606965174
0.2		1.4564676616915422
0.3		1.4651741293532339
0.4		1.544776119402985
0.5		1.318407960199005
0.6		1.5
0.7		1.685323383084577
0.8		1.6654228855721394
0.9		1.4713930348258706
1		1.5223880597014925
> assign400.txt | 07 April 2024, 14:46:14 | Seed=7342380441221817901 | n=400
0		1.0
0.1		1.4365671641791045
0.2		1.5261194029850746
0.3		1.4539800995024876
0.4		1.4402985074626866
0.5		1.5970149253731343
0.6		1.6604477611940298
0.7		1.5634328358208955
0.8		1.5161691542288558
0.9		1.61318407960199
1		1.6032338308457712
> assign400.txt | 07 April 2024, 14:46:21 | Seed=1832027409329856497 | n=400
0		1.0
0.1		1.308457711442786
0.2		1.5634328358208955
0.3		1.4825870646766168
0.4		1.4402985074626866
0.5		1.5696517412935322
0.6		1.421641791044776
0.7		1.3880597014925373
0.8		1.527363184079602
0.9		1.4888059701492538
1		1.4800995024875623
> assign400.txt | 07 April 2024, 14:46:29 | Seed=2601055969424192987 | n=400
0		1.0
0.1		1.5
0.2		1.4129353233830846
0.3		1.3930348258706469
0.4		1.6106965174129353
0.5		1.4751243781094527
0.6		1.5
0.7		1.5833333333333333
0.8		1.5733830845771144
0.9		1.5087064676616915
1		1.4689054726368158
> assign500.txt | 07 April 2024, 14:46:41 | Seed=1837780782641347720 | n=500
0		1.0
0.1		1.2835519677093845
0.2		1.2674066599394551
0.3		1.3400605449041372
0.4		1.486377396569122
0.5		1.4117053481331987
0.6		1.39656912209889
0.7		1.4409687184661957
0.8		1.3753784056508578
0.9		1.3925327951564077
1		1.3218970736629667
> assign500.txt | 07 April 2024, 14:46:53 | Seed=8860407417080439459 | n=500
0		1.0
0.1		1.3168516649848638
0.2		1.542885973763875
0.3		1.4217961654894047
0.4		1.341069626639758
0.5		1.5650857719475277
0.6		1.498486377396569
0.7		1.415741675075681
0.8		1.3319878910191725
0.9		1.389505549949546
1		1.4409687184661957
> assign500.txt | 07 April 2024, 14:47:06 | Seed=3083464867725253492 | n=500
0		1.0
0.1		1.338042381432896
0.2		1.2785065590312816
0.3		1.4228052472250252
0.4		1.5116044399596367
0.5		1.4540867810292635
0.6		1.5126135216952574
0.7		1.462159434914228
0.8		1.4248234106962665
0.9		1.3915237134207872
1		1.4591321897073664
> assign500.txt | 07 April 2024, 14:47:19 | Seed=8707871547661016158 | n=500
0		1.0
0.1		1.403632694248234
0.2		1.313824419778002
0.3		1.41372351160444
0.4		1.4692230070635721
0.5		1.403632694248234
0.6		1.4288597376387486
0.7		1.457114026236125
0.8		1.4661957618567103
0.9		1.3461150353178608
1		1.4651866801210898
> assign500.txt | 07 April 2024, 14:47:33 | Seed=1536605796367312129 | n=500
0		1.0
0.1		1.3420787083753785
0.2		1.432896064581231
0.3		1.4460141271442988
0.4		1.3884964682139254
0.5		1.4207870837537842
0.6		1.4611503531786074
0.7		1.4611503531786074
0.8		1.3107971745711402
0.9		1.3642785065590313
1		1.360242179616549
> assign500.txt | 07 April 2024, 14:47:46 | Seed=5338918541655205735 | n=500
0		1.0
0.1		1.4631685166498487
0.2		1.3400605449041372
0.3		1.357214934409687
0.4		1.4510595358224017
0.5		1.3239152371342078
0.6		1.4924318869828457
0.7		1.4056508577194753
0.8		1.5065590312815338
0.9		1.4046417759838548
1		1.3683148335015136
> assign500.txt | 07 April 2024, 14:47:59 | Seed=8238315460171940229 | n=500
0		1.0
0.1		1.370332996972755
0.2		1.3481331987891019
0.3		1.4147325933400605
0.4		1.3763874873864783
0.5		1.4520686175580222
0.6		1.437941473259334
0.7		1.3905146316851664
0.8		1.4833501513622604
0.9		1.4540867810292635
1		1.462159434914228
> assign500.txt | 07 April 2024, 14:48:11 | Seed=4712607704949906834 | n=500
0		1.0
0.1		1.3178607467204844
0.2		1.3007063572149344
0.3		1.3935418768920282
0.4		1.4106962663975782
0.5		1.4177598385469223
0.6		1.4692230070635721
0.7		1.4167507568113018
0.8		1.3804238143289607
0.9		1.5529767911200807
1		1.2986881937436932
> assign500.txt | 07 April 2024, 14:48:26 | Seed=2971679957815227278 | n=500
0		1.0
0.1		1.255297679112008
0.2		1.4692230070635721
0.3		1.4934409687184662
0.4		1.515640766902119
0.5		1.4581231079717456
0.6		1.508577194752775
0.7		1.4238143289606457
0.8		1.3935418768920282
0.9		1.3784056508577194
1		1.5408678102926336
> assign500.txt | 07 April 2024, 14:48:38 | Seed=2930614378697301954 | n=500
0		1.0
0.1		1.3420787083753785
0.2		1.4530776992936427
0.3		1.3975782038345106
0.4		1.4399596367305751
0.5		1.4207870837537842
0.6		1.3955600403632695
0.7		1.3955600403632695
0.8		1.4631685166498487
0.9		1.503531786074672
1		1.3521695257315842
> assign500.txt | 07 April 2024, 14:48:53 | Seed=6603472049559677332 | n=500
0		1.0
0.1		1.3683148335015136
0.2		1.4591321897073664
0.3		1.3814328960645812
0.4		1.3481331987891019
0.5		1.4490413723511604
0.6		1.3592330978809284
0.7		1.3945509586276488
0.8		1.355196770938446
0.9		1.4904137235116044
1		1.4540867810292635
> assign500.txt | 07 April 2024, 14:49:06 | Seed=6632191650649854162 | n=500
0		1.0
0.1		1.2916246215943492
0.2		1.3612512613521695
0.3		1.3622603430877902
0.4		1.401614530776993
0.5		1.3531786074672048
0.6		1.4530776992936427
0.7		1.4238143289606457
0.8		1.4500504540867811
0.9		1.389505549949546
1		1.5095862764883956
> assign500.txt | 07 April 2024, 14:49:20 | Seed=7955110329041954409 | n=500
0		1.0
0.1		1.2936427850655903
0.2		1.437941473259334
0.3		1.4177598385469223
0.4		1.3773965691220988
0.5		1.457114026236125
0.6		1.3995963673057519
0.7		1.3319878910191725
0.8		1.4561049445005045
0.9		1.3299697275479314
1		1.4591321897073664
> assign500.txt | 07 April 2024, 14:49:35 | Seed=7993533820161639185 | n=500
0		1.0
0.1		1.2926337033299697
0.2		1.4409687184661957
0.3		1.3834510595358225
0.4		1.3854692230070635
0.5		1.3249243188698285
0.6		1.501513622603431
0.7		1.3955600403632695
0.8		1.4510595358224017
0.9		1.4117053481331987
1		1.3804238143289607
> assign500.txt | 07 April 2024, 14:49:48 | Seed=7515475434646481275 | n=500
0		1.0
0.1		1.3249243188698285
0.2		1.341069626639758
0.3		1.496468213925328
0.4		1.3340060544904138
0.5		1.3087790110998991
0.6		1.4046417759838548
0.7		1.5650857719475277
0.8		1.5055499495459133
0.9		1.3511604439959637
1		1.5479313824419778
> assign500.txt | 07 April 2024, 14:50:02 | Seed=1583320362573268115 | n=500
0		1.0
0.1		1.2633703329969728
0.2		1.3471241170534813
0.3		1.4187689202825429
0.4		1.4167507568113018
0.5		1.3804238143289607
0.6		1.432896064581231
0.7		1.4228052472250252
0.8		1.3642785065590313
0.9		1.4581231079717456
1		1.3713420787083754
> assign500.txt | 07 April 2024, 14:50:16 | Seed=8199564772455347903 | n=500
0		1.0
0.1		1.282542885973764
0.2		1.4954591321897073
0.3		1.4702320887991926
0.4		1.4147325933400605
0.5		1.4006054490413724
0.6		1.455095862764884
0.7		1.3955600403632695
0.8		1.315842583249243
0.9		1.457114026236125
1		1.4591321897073664
> assign500.txt | 07 April 2024, 14:50:30 | Seed=6863781160100167645 | n=500
0		1.0
0.1		1.2169525731584259
0.2		1.3047426841574168
0.3		1.403632694248234
0.4		1.3148335015136225
0.5		1.4066599394550958
0.6		1.5368314833501513
0.7		1.4883955600403633
0.8		1.4692230070635721
0.9		1.360242179616549
1		1.4561049445005045
> assign500.txt | 07 April 2024, 14:50:43 | Seed=3722454096719652394 | n=500
0		1.0
0.1		1.2492431886982847
0.2		1.4096871846619576
0.3		1.5146316851664985
0.4		1.503531786074672
0.5		1.474268415741675
0.6		1.3350151362260343
0.7		1.4631685166498487
0.8		1.343087790110999
0.9		1.3340060544904138
1		1.3693239152371341
> assign500.txt | 07 April 2024, 14:50:57 | Seed=5676459161921464503 | n=500
0		1.0
0.1		1.2785065590312816
0.2		1.289606458123108
0.3		1.41372351160444
0.4		1.4359233097880928
0.5		1.4117053481331987
0.6		1.384460141271443
0.7		1.4197780020181634
0.8		1.3915237134207872
0.9		1.3905146316851664
1		1.4399596367305751
> assign500.txt | 07 April 2024, 14:51:11 | Seed=6133011315272588293 | n=500
0		1.0
0.1		1.4611503531786074
0.2		1.425832492431887
0.3		1.3400605449041372
0.4		1.3047426841574168
0.5		1.370332996972755
0.6		1.442986881937437
0.7		1.3612512613521695
0.8		1.5479313824419778
0.9		1.4641775983854692
1		1.4238143289606457
> assign500.txt | 07 April 2024, 14:51:25 | Seed=4397892325916494267 | n=500
0		1.0
0.1		1.3178607467204844
0.2		1.4187689202825429
0.3		1.4228052472250252
0.4		1.5075681130171543
0.5		1.4177598385469223
0.6		1.4318869828456104
0.7		1.4056508577194753
0.8		1.3985872855701311
0.9		1.3763874873864783
1		1.4561049445005045
> assign500.txt | 07 April 2024, 14:51:38 | Seed=4690131767681097680 | n=500
0		1.0
0.1		1.3763874873864783
0.2		1.3662966700302726
0.3		1.2855701311806256
0.4		1.4056508577194753
0.5		1.4228052472250252
0.6		1.386478304742684
0.7		1.5116044399596367
0.8		1.5297679112008074
0.9		1.3541876892028255
1		1.4369323915237133
> assign500.txt | 07 April 2024, 14:51:51 | Seed=4858798197274505953 | n=500
0		1.0
0.1		1.255297679112008
0.2		1.4520686175580222
0.3		1.4611503531786074
0.4		1.3400605449041372
0.5		1.4369323915237133
0.6		1.3390514631685166
0.7		1.355196770938446
0.8		1.4480322906155398
0.9		1.3854692230070635
1		1.5005045408678104
> assign500.txt | 07 April 2024, 14:52:05 | Seed=2819273388401362850 | n=500
0		1.0
0.1		1.427850655903128
0.2		1.5398587285570131
0.3		1.4712411705348134
0.4		1.3208879919273462
0.5		1.4419778002018164
0.6		1.4540867810292635
0.7		1.4934409687184662
0.8		1.445005045408678
0.9		1.4228052472250252
1		1.3985872855701311
> assign500.txt | 07 April 2024, 14:52:19 | Seed=3582402275039596083 | n=500
0		1.0
0.1		1.2169525731584259
0.2		1.4439959636730575
0.3		1.4187689202825429
0.4		1.3935418768920282
0.5		1.3985872855701311
0.6		1.3773965691220988
0.7		1.4510595358224017
0.8		1.384460141271443
0.9		1.4349142280524723
1		1.3935418768920282
> assign500.txt | 07 April 2024, 14:52:33 | Seed=3654309260163831207 | n=500
0		1.0
0.1		1.282542885973764
0.2		1.2754793138244198
0.3		1.3562058526740666
0.4		1.425832492431887
0.5		1.3814328960645812
0.6		1.3955600403632695
0.7		1.3915237134207872
0.8		1.5095862764883956
0.9		1.4581231079717456
1		1.34510595358224
> assign500.txt | 07 April 2024, 14:52:47 | Seed=7342380441221817901 | n=500
0		1.0
0.1		1.3763874873864783
0.2		1.3622603430877902
0.3		1.4066599394550958
0.4		1.5297679112008074
0.5		1.3420787083753785
0.6		1.4288597376387486
0.7		1.4248234106962665
0.8		1.4540867810292635
0.9		1.4490413723511604
1		1.4611503531786074
> assign500.txt | 07 April 2024, 14:53:01 | Seed=1832027409329856497 | n=500
0		1.0
0.1		1.2512613521695257
0.2		1.542885973763875
0.3		1.425832492431887
0.4		1.4006054490413724
0.5		1.3794147325933401
0.6		1.3229061553985872
0.7		1.4056508577194753
0.8		1.472250252270434
0.9		1.4712411705348134
1		1.4127144298688195
> assign500.txt | 07 April 2024, 14:53:14 | Seed=2601055969424192987 | n=500
0		1.0
0.1		1.243188698284561
0.2		1.5126135216952574
0.3		1.4056508577194753
0.4		1.4096871846619576
0.5		1.498486377396569
0.6		1.4419778002018164
0.7		1.3208879919273462
0.8		1.4581231079717456
0.9		1.5095862764883956
1		1.4803229061553986
> assign600.txt | 07 April 2024, 14:53:35 | Seed=1837780782641347720 | n=600
0		1.0
0.1		1.2772108843537415
0.2		1.3494897959183674
0.3		1.429421768707483
0.4		1.3095238095238095
0.5		1.344387755102041
0.6		1.3545918367346939
0.7		1.340986394557823
0.8		1.344387755102041
0.9		1.3545918367346939
1		1.3613945578231292
> assign600.txt | 07 April 2024, 14:53:56 | Seed=8860407417080439459 | n=600
0		1.0
0.1		1.3877551020408163
0.2		1.3180272108843538
0.3		1.3511904761904763
0.4		1.3656462585034013
0.5		1.272108843537415
0.6		1.2959183673469388
0.7		1.3511904761904763
0.8		1.3520408163265305
0.9		1.3579931972789117
1		1.3401360544217686
> assign600.txt | 07 April 2024, 14:54:17 | Seed=3083464867725253492 | n=600
0		1.0
0.1		1.3197278911564625
0.2		1.3350340136054422
0.3		1.3656462585034013
0.4		1.4183673469387754
0.5		1.3307823129251701
0.6		1.4430272108843538
0.7		1.3231292517006803
0.8		1.3630952380952381
0.9		1.3180272108843538
1		1.433673469387755
> assign600.txt | 07 April 2024, 14:54:39 | Seed=8707871547661016158 | n=600
0		1.0
0.1		1.3001700680272108
0.2		1.223639455782313
0.3		1.3248299319727892
0.4		1.2967687074829932
0.5		1.3392857142857142
0.6		1.3562925170068028
0.7		1.3894557823129252
0.8		1.348639455782313
0.9		1.3937074829931972
1		1.288265306122449
> assign600.txt | 07 April 2024, 14:55:00 | Seed=1536605796367312129 | n=600
0		1.0
0.1		1.2610544217687074
0.2		1.2551020408163265
0.3		1.3222789115646258
0.4		1.2814625850340136
0.5		1.385204081632653
0.6		1.385204081632653
0.7		1.3928571428571428
0.8		1.2993197278911566
0.9		1.3562925170068028
1		1.4370748299319729
> assign600.txt | 07 April 2024, 14:55:23 | Seed=5338918541655205735 | n=600
0		1.0
0.1		1.2619047619047619
0.2		1.3418367346938775
0.3		1.3775510204081634
0.4		1.3622448979591837
0.5		1.405612244897959
0.6		1.348639455782313
0.7		1.3120748299319729
0.8		1.3188775510204083
0.9		1.3265306122448979
1		1.3222789115646258
> assign600.txt | 07 April 2024, 14:55:44 | Seed=8238315460171940229 | n=600
0		1.0
0.1		1.310374149659864
0.2		1.2874149659863945
0.3		1.3078231292517006
0.4		1.2950680272108843
0.5		1.3392857142857142
0.6		1.3860544217687074
0.7		1.379251700680272
0.8		1.3613945578231292
0.9		1.3171768707482994
1		1.3452380952380953
> assign600.txt | 07 April 2024, 14:56:08 | Seed=4712607704949906834 | n=600
0		1.0
0.1		1.2891156462585034
0.2		1.314625850340136
0.3		1.3392857142857142
0.4		1.3494897959183674
0.5		1.3698979591836735
0.6		1.4302721088435375
0.7		1.4472789115646258
0.8		1.4005102040816326
0.9		1.3460884353741496
1		1.373299319727891
> assign600.txt | 07 April 2024, 14:56:29 | Seed=2971679957815227278 | n=600
0		1.0
0.1		1.2950680272108843
0.2		1.2848639455782314
0.3		1.2848639455782314
0.4		1.3554421768707483
0.5		1.3290816326530612
0.6		1.3894557823129252
0.7		1.3001700680272108
0.8		1.3945578231292517
0.9		1.3673469387755102
1		1.314625850340136
> assign600.txt | 07 April 2024, 14:56:51 | Seed=2930614378697301954 | n=600
0		1.0
0.1		1.3801020408163265
0.2		1.284013605442177
0.3		1.3290816326530612
0.4		1.3724489795918366
0.5		1.336734693877551
0.6		1.3537414965986394
0.7		1.4404761904761905
0.8		1.3375850340136055
0.9		1.3537414965986394
1		1.409013605442177
> assign600.txt | 07 April 2024, 14:57:13 | Seed=6603472049559677332 | n=600
0		1.0
0.1		1.2015306122448979
0.2		1.2831632653061225
0.3		1.2916666666666667
0.4		1.3460884353741496
0.5		1.373299319727891
0.6		1.3860544217687074
0.7		1.3120748299319729
0.8		1.4566326530612246
0.9		1.3222789115646258
1		1.3545918367346939
> assign600.txt | 07 April 2024, 14:57:35 | Seed=6632191650649854162 | n=600
0		1.0
0.1		1.2321428571428572
0.2		1.4081632653061225
0.3		1.3265306122448979
0.4		1.3316326530612246
0.5		1.413265306122449
0.6		1.397108843537415
0.7		1.2993197278911566
0.8		1.3775510204081634
0.9		1.3239795918367347
1		1.3477891156462585
> assign600.txt | 07 April 2024, 14:57:58 | Seed=7955110329041954409 | n=600
0		1.0
0.1		1.2380952380952381
0.2		1.3112244897959184
0.3		1.2423469387755102
0.4		1.3307823129251701
0.5		1.429421768707483
0.6		1.3052721088435375
0.7		1.4081632653061225
0.8		1.4379251700680271
0.9		1.375
1		1.3928571428571428
> assign600.txt | 07 April 2024, 14:58:19 | Seed=7993533820161639185 | n=600
0		1.0
0.1		1.2959183673469388
0.2		1.2789115646258504
0.3		1.3171768707482994
0.4		1.3248299319727892
0.5		1.405612244897959
0.6		1.3911564625850341
0.7		1.3418367346938775
0.8		1.4906462585034013
0.9		1.3299319727891157
1		1.3835034013605443
> assign600.txt | 07 April 2024, 14:58:41 | Seed=7515475434646481275 | n=600
0		1.0
0.1		1.3307823129251701
0.2		1.3605442176870748
0.3		1.314625850340136
0.4		1.3494897959183674
0.5		1.3622448979591837
0.6		1.3299319727891157
0.7		1.3154761904761905
0.8		1.3188775510204083
0.9		1.3622448979591837
1		1.3664965986394557
> assign600.txt | 07 April 2024, 14:59:02 | Seed=1583320362573268115 | n=600
0		1.0
0.1		1.342687074829932
0.2		1.3282312925170068
0.3		1.3154761904761905
0.4		1.3018707482993197
0.5		1.3231292517006803
0.6		1.2993197278911566
0.7		1.2474489795918366
0.8		1.3494897959183674
0.9		1.4175170068027212
1		1.3452380952380953
> assign600.txt | 07 April 2024, 14:59:23 | Seed=8199564772455347903 | n=600
0		1.0
0.1		1.3120748299319729
0.2		1.379251700680272
0.3		1.340986394557823
0.4		1.3095238095238095
0.5		1.2772108843537415
0.6		1.2831632653061225
0.7		1.3988095238095237
0.8		1.3962585034013606
0.9		1.4200680272108843
1		1.3477891156462585
> assign600.txt | 07 April 2024, 14:59:45 | Seed=6863781160100167645 | n=600
0		1.0
0.1		1.316326530612245
0.2		1.3018707482993197
0.3		1.3954081632653061
0.4		1.3324829931972788
0.5		1.3197278911564625
0.6		1.3911564625850341
0.7		1.4540816326530612
0.8		1.344387755102041
0.9		1.403061224489796
1		1.3562925170068028
> assign600.txt | 07 April 2024, 15:00:06 | Seed=3722454096719652394 | n=600
0		1.0
0.1		1.3613945578231292
0.2		1.276360544217687
0.3		1.4727891156462585
0.4		1.2261904761904763
0.5		1.3639455782312926
0.6		1.3265306122448979
0.7		1.3664965986394557
0.8		1.3375850340136055
0.9		1.3911564625850341
1		1.3214285714285714
> assign600.txt | 07 April 2024, 15:00:28 | Seed=5676459161921464503 | n=600
0		1.0
0.1		1.3129251700680271
0.2		1.3010204081632653
0.3		1.3945578231292517
0.4		1.3435374149659864
0.5		1.4064625850340136
0.6		1.25
0.7		1.346938775510204
0.8		1.3818027210884354
0.9		1.429421768707483
1		1.33843537414966
> assign600.txt | 07 April 2024, 15:00:49 | Seed=6133011315272588293 | n=600
0		1.0
0.1		1.3562925170068028
0.2		1.3639455782312926
0.3		1.3239795918367347
0.4		1.276360544217687
0.5		1.2687074829931972
0.6		1.4234693877551021
0.7		1.3639455782312926
0.8		1.4591836734693877
0.9		1.3350340136054422
1		1.3188775510204083
> assign600.txt | 07 April 2024, 15:01:13 | Seed=4397892325916494267 | n=600
0		1.0
0.1		1.244047619047619
0.2		1.3571428571428572
0.3		1.2772108843537415
0.4		1.3520408163265305
0.5		1.4532312925170068
0.6		1.342687074829932
0.7		1.3350340136054422
0.8		1.4175170068027212
0.9		1.3511904761904763
1		1.3520408163265305
> assign600.txt | 07 April 2024, 15:01:35 | Seed=4690131767681097680 | n=600
0		1.0
0.1		1.2015306122448979
0.2		1.2891156462585034
0.3		1.336734693877551
0.4		1.3537414965986394
0.5		1.276360544217687
0.6		1.3579931972789117
0.7		1.2916666666666667
0.8		1.3945578231292517
0.9		1.4447278911564625
1		1.3724489795918366
> assign600.txt | 07 April 2024, 15:01:56 | Seed=4858798197274505953 | n=600
0		1.0
0.1		1.3903061224489797
0.2		1.308673469387755
0.3		1.3129251700680271
0.4		1.3911564625850341
0.5		1.3095238095238095
0.6		1.3775510204081634
0.7		1.4005102040816326
0.8		1.3843537414965987
0.9		1.4039115646258504
1		1.3605442176870748
> assign600.txt | 07 April 2024, 15:02:18 | Seed=2819273388401362850 | n=600
0		1.0
0.1		1.3341836734693877
0.2		1.276360544217687
0.3		1.2984693877551021
0.4		1.3333333333333333
0.5		1.369047619047619
0.6		1.3945578231292517
0.7		1.4192176870748299
0.8		1.373299319727891
0.9		1.4200680272108843
1		1.409013605442177
> assign600.txt | 07 April 2024, 15:02:39 | Seed=3582402275039596083 | n=600
0		1.0
0.1		1.3001700680272108
0.2		1.3290816326530612
0.3		1.3715986394557824
0.4		1.3256802721088434
0.5		1.2661564625850341
0.6		1.2933673469387754
0.7		1.3979591836734695
0.8		1.3741496598639455
0.9		1.4047619047619047
1		1.3324829931972788
> assign600.txt | 07 April 2024, 15:03:00 | Seed=3654309260163831207 | n=600
0		1.0
0.1		1.2261904761904763
0.2		1.3596938775510203
0.3		1.4685374149659864
0.4		1.3520408163265305
0.5		1.3775510204081634
0.6		1.3180272108843538
0.7		1.3928571428571428
0.8		1.3818027210884354
0.9		1.3248299319727892
1		1.3375850340136055
> assign600.txt | 07 April 2024, 15:03:23 | Seed=7342380441221817901 | n=600
0		1.0
0.1		1.2933673469387754
0.2		1.2704081632653061
0.3		1.3826530612244898
0.4		1.344387755102041
0.5		1.3061224489795917
0.6		1.4540816326530612
0.7		1.3511904761904763
0.8		1.4064625850340136
0.9		1.4243197278911566
1		1.3869047619047619
> assign600.txt | 07 April 2024, 15:03:44 | Seed=1832027409329856497 | n=600
0		1.0
0.1		1.1828231292517006
0.2		1.2670068027210883
0.3		1.379251700680272
0.4		1.3435374149659864
0.5		1.2993197278911566
0.6		1.3537414965986394
0.7		1.3256802721088434
0.8		1.401360544217687
0.9		1.4379251700680271
1		1.3622448979591837
> assign600.txt | 07 April 2024, 15:04:07 | Seed=2601055969424192987 | n=600
0		1.0
0.1		1.3324829931972788
0.2		1.3299319727891157
0.3		1.2491496598639455
0.4		1.3120748299319729
0.5		1.380952380952381
0.6		1.3681972789115646
0.7		1.3588435374149659
0.8		1.3920068027210883
0.9		1.4149659863945578
1		1.41156462585034
> assign700.txt | 07 April 2024, 15:04:40 | Seed=1837780782641347720 | n=700
0		1.0
0.1		1.3171806167400881
0.2		1.2621145374449338
0.3		1.3245227606461087
0.4		1.3340675477239354
0.5		1.2885462555066078
0.6		1.394273127753304
0.7		1.277533039647577
0.8		1.3502202643171806
0.9		1.3494860499265786
1		1.3076358296622614
> assign700.txt | 07 April 2024, 15:05:14 | Seed=8860407417080439459 | n=700
0		1.0
0.1		1.3575624082232012
0.2		1.2415565345080763
0.3		1.4405286343612336
0.4		1.3208516886930983
0.5		1.4023494860499266
0.6		1.3230543318649046
0.7		1.4199706314243759
0.8		1.3744493392070485
0.9		1.3972099853157123
1		1.3348017621145374
> assign700.txt | 07 April 2024, 15:05:48 | Seed=3083464867725253492 | n=700
0		1.0
0.1		1.171806167400881
0.2		1.2856093979441998
0.3		1.2958883994126285
0.4		1.3590308370044053
0.5		1.3311306901615272
0.6		1.316446402349486
0.7		1.2995594713656389
0.8		1.3142437591776799
0.9		1.34287812041116
1		1.2856093979441998
> assign700.txt | 07 April 2024, 15:06:22 | Seed=8707871547661016158 | n=700
0		1.0
0.1		1.2334801762114538
0.2		1.3355359765051396
0.3		1.2679882525697503
0.4		1.3355359765051396
0.5		1.4104258443465492
0.6		1.3531571218795888
0.7		1.2474302496328928
0.8		1.3208516886930983
0.9		1.303230543318649
1		1.3311306901615272
> assign700.txt | 07 April 2024, 15:06:55 | Seed=1536605796367312129 | n=700
0		1.0
0.1		1.2298091042584434
0.2		1.263582966226138
0.3		1.2342143906020557
0.4		1.3656387665198237
0.5		1.3406754772393539
0.6		1.2988252569750367
0.7		1.3142437591776799
0.8		1.3458149779735682
0.9		1.3127753303964758
1		1.339941262848752
> assign700.txt | 07 April 2024, 15:07:30 | Seed=5338918541655205735 | n=700
0		1.0
0.1		1.1945668135095449
0.2		1.2709251101321586
0.3		1.3193832599118942
0.4		1.2863436123348018
0.5		1.342143906020558
0.6		1.3259911894273129
0.7		1.2452276064610865
0.8		1.3186490455212923
0.9		1.2643171806167401
1		1.3406754772393539
> assign700.txt | 07 April 2024, 15:08:04 | Seed=8238315460171940229 | n=700
0		1.0
0.1		1.3619676945668135
0.2		1.2452276064610865
0.3		1.290014684287812
0.4		1.3986784140969164
0.5		1.341409691629956
0.6		1.3722466960352422
0.7		1.315712187958884
0.8		1.328193832599119
0.9		1.3494860499265786
1		1.3237885462555066
> assign700.txt | 07 April 2024, 15:08:37 | Seed=4712607704949906834 | n=700
0		1.0
0.1		1.31791483113069
0.2		1.2701908957415566
0.3		1.3186490455212923
0.4		1.2481644640234948
0.5		1.395007342143906
0.6		1.2621145374449338
0.7		1.3237885462555066
0.8		1.2929515418502202
0.9		1.2797356828193833
1		1.2694566813509545
> assign700.txt | 07 April 2024, 15:09:12 | Seed=2971679957815227278 | n=700
0		1.0
0.1		1.3105726872246697
0.2		1.2202643171806167
0.3		1.4118942731277533
0.4		1.3208516886930983
0.5		1.2643171806167401
0.6		1.2848751835535976
0.7		1.301762114537445
0.8		1.3656387665198237
0.9		1.328928046989721
1		1.4104258443465492
> assign700.txt | 07 April 2024, 15:09:47 | Seed=2930614378697301954 | n=700
0		1.0
0.1		1.2334801762114538
0.2		1.2672540381791484
0.3		1.3091042584434656
0.4		1.3318649045521291
0.5		1.3340675477239354
0.6		1.3186490455212923
0.7		1.3773861967694567
0.8		1.2694566813509545
0.9		1.2863436123348018
1		1.303230543318649
> assign700.txt | 07 April 2024, 15:10:21 | Seed=6603472049559677332 | n=700
0		1.0
0.1		1.249632892804699
0.2		1.2577092511013215
0.3		1.2694566813509545
0.4		1.2547723935389135
0.5		1.303964757709251
0.6		1.3171806167400881
0.7		1.2944199706314243
0.8		1.3002936857562408
0.9		1.3113069016152716
1		1.3436123348017621
> assign700.txt | 07 April 2024, 15:10:54 | Seed=6632191650649854162 | n=700
0		1.0
0.1		1.2320117474302497
0.2		1.3237885462555066
0.3		1.2797356828193833
0.4		1.2834067547723935
0.5		1.315712187958884
0.6		1.28928046989721
0.7		1.2804698972099853
0.8		1.2848751835535976
0.9		1.3781204111600587
1		1.3928046989721
> assign700.txt | 07 April 2024, 15:11:28 | Seed=7955110329041954409 | n=700
0		1.0
0.1		1.223935389133627
0.2		1.2533039647577093
0.3		1.341409691629956
0.4		1.3619676945668135
0.5		1.4104258443465492
0.6		1.249632892804699
0.7		1.3325991189427313
0.8		1.315712187958884
0.9		1.4118942731277533
1		1.2826725403817916
> assign700.txt | 07 April 2024, 15:12:02 | Seed=7993533820161639185 | n=700
0		1.0
0.1		1.1872246696035242
0.2		1.263582966226138
0.3		1.2988252569750367
0.4		1.3906020558002936
0.5		1.4302496328928047
0.6		1.302496328928047
0.7		1.3597650513950073
0.8		1.3494860499265786
0.9		1.2922173274596183
1		1.3465491923641704
> assign700.txt | 07 April 2024, 15:12:36 | Seed=7515475434646481275 | n=700
0		1.0
0.1		1.34287812041116
0.2		1.3568281938325992
0.3		1.276798825256975
0.4		1.3348017621145374
0.5		1.290014684287812
0.6		1.2657856093979443
0.7		1.290014684287812
0.8		1.3142437591776799
0.9		1.2790014684287812
1		1.2782672540381792
> assign700.txt | 07 April 2024, 15:13:10 | Seed=1583320362573268115 | n=700
0		1.0
0.1		1.2922173274596183
0.2		1.2687224669603525
0.3		1.3487518355359764
0.4		1.327459618208517
0.5		1.313509544787078
0.6		1.3171806167400881
0.7		1.4148311306901615
0.8		1.3201174743024964
0.9		1.2621145374449338
1		1.2973568281938326
> assign700.txt | 07 April 2024, 15:13:44 | Seed=8199564772455347903 | n=700
0		1.0
0.1		1.2701908957415566
0.2		1.3223201174743024
0.3		1.2701908957415566
0.4		1.2679882525697503
0.5		1.3010279001468428
0.6		1.31791483113069
0.7		1.3883994126284875
0.8		1.2606461086637297
0.9		1.3604992657856094
1		1.3105726872246697
> assign700.txt | 07 April 2024, 15:14:19 | Seed=6863781160100167645 | n=700
0		1.0
0.1		1.2408223201174744
0.2		1.3105726872246697
0.3		1.381791483113069
0.4		1.2907488986784141
0.5		1.3362701908957415
0.6		1.3325991189427313
0.7		1.3436123348017621
0.8		1.2863436123348018
0.9		1.3223201174743024
1		1.2980910425844348
> assign700.txt | 07 April 2024, 15:14:53 | Seed=3722454096719652394 | n=700
0		1.0
0.1		1.2437591776798824
0.2		1.315712187958884
0.3		1.3098384728340675
0.4		1.303230543318649
0.5		1.2694566813509545
0.6		1.316446402349486
0.7		1.287812041116006
0.8		1.2687224669603525
0.9		1.275330396475771
1		1.4162995594713657
> assign700.txt | 07 April 2024, 15:15:27 | Seed=5676459161921464503 | n=700
0		1.0
0.1		1.2665198237885462
0.2		1.1828193832599119
0.3		1.3450807635829662
0.4		1.3979441997063142
0.5		1.2723935389133627
0.6		1.3223201174743024
0.7		1.3223201174743024
0.8		1.2797356828193833
0.9		1.2672540381791484
1		1.3267254038179148
> assign700.txt | 07 April 2024, 15:16:02 | Seed=6133011315272588293 | n=700
0		1.0
0.1		1.2466960352422907
0.2		1.330396475770925
0.3		1.366372980910426
0.4		1.2665198237885462
0.5		1.3597650513950073
0.6		1.3436123348017621
0.7		1.313509544787078
0.8		1.2988252569750367
0.9		1.303230543318649
1		1.2342143906020557
> assign700.txt | 07 April 2024, 15:16:36 | Seed=4397892325916494267 | n=700
0		1.0
0.1		1.2459618208516887
0.2		1.1938325991189427
0.3		1.3142437591776799
0.4		1.3120411160058738
0.5		1.3186490455212923
0.6		1.3494860499265786
0.7		1.301762114537445
0.8		1.2980910425844348
0.9		1.2790014684287812
1		1.2731277533039647
> assign700.txt | 07 April 2024, 15:17:09 | Seed=4690131767681097680 | n=700
0		1.0
0.1		1.2988252569750367
0.2		1.3531571218795888
0.3		1.2745961820851688
0.4		1.28928046989721
0.5		1.2202643171806167
0.6		1.39647577092511
0.7		1.238619676945668
0.8		1.4419970631424377
0.9		1.3406754772393539
1		1.275330396475771
> assign700.txt | 07 April 2024, 15:17:43 | Seed=4858798197274505953 | n=700
0		1.0
0.1		1.2812041116005874
0.2		1.2209985315712188
0.3		1.2958883994126285
0.4		1.34287812041116
0.5		1.3392070484581498
0.6		1.2474302496328928
0.7		1.265051395007342
0.8		1.3384728340675478
0.9		1.2980910425844348
1		1.341409691629956
> assign700.txt | 07 April 2024, 15:18:16 | Seed=2819273388401362850 | n=700
0		1.0
0.1		1.3465491923641704
0.2		1.2731277533039647
0.3		1.3604992657856094
0.4		1.2657856093979443
0.5		1.339941262848752
0.6		1.3575624082232012
0.7		1.3340675477239354
0.8		1.2687224669603525
0.9		1.3083700440528634
1		1.3325991189427313
> assign700.txt | 07 April 2024, 15:18:52 | Seed=3582402275039596083 | n=700
0		1.0
0.1		1.2716593245227605
0.2		1.3091042584434656
0.3		1.3458149779735682
0.4		1.3105726872246697
0.5		1.2944199706314243
0.6		1.263582966226138
0.7		1.2826725403817916
0.8		1.3142437591776799
0.9		1.3516886930983847
1		1.2474302496328928
> assign700.txt | 07 April 2024, 15:19:25 | Seed=3654309260163831207 | n=700
0		1.0
0.1		1.2452276064610865
0.2		1.3002936857562408
0.3		1.315712187958884
0.4		1.3854625550660793
0.5		1.3494860499265786
0.6		1.3069016152716593
0.7		1.381057268722467
0.8		1.3054331864904551
0.9		1.3127753303964758
1		1.3693098384728342
> assign700.txt | 07 April 2024, 15:19:59 | Seed=7342380441221817901 | n=700
0		1.0
0.1		1.2129221732745963
0.2		1.3311306901615272
0.3		1.249632892804699
0.4		1.339941262848752
0.5		1.2973568281938326
0.6		1.327459618208517
0.7		1.2643171806167401
0.8		1.3098384728340675
0.9		1.3693098384728342
1		1.2621145374449338
> assign700.txt | 07 April 2024, 15:20:34 | Seed=1832027409329856497 | n=700
0		1.0
0.1		1.3002936857562408
0.2		1.303230543318649
0.3		1.2584434654919237
0.4		1.301762114537445
0.5		1.3311306901615272
0.6		1.275330396475771
0.7		1.354625550660793
0.8		1.313509544787078
0.9		1.36784140969163
1		1.3054331864904551
> assign700.txt | 07 April 2024, 15:21:08 | Seed=2601055969424192987 | n=700
0		1.0
0.1		1.2687224669603525
0.2		1.3010279001468428
0.3		1.3149779735682818
0.4		1.2907488986784141
0.5		1.3208516886930983
0.6		1.3406754772393539
0.7		1.4405286343612336
0.8		1.2422907488986785
0.9		1.302496328928047
1		1.3847283406754773
> assign800.txt | 07 April 2024, 15:21:57 | Seed=1837780782641347720 | n=800
0		1.0
0.1		1.2345360824742269
0.2		1.2783505154639174
0.3		1.3021907216494846
0.4		1.2139175257731958
0.5		1.291237113402062
0.6		1.2706185567010309
0.7		1.208762886597938
0.8		1.282216494845361
0.9		1.2905927835051547
1		1.2641752577319587
> assign800.txt | 07 April 2024, 15:22:47 | Seed=8860407417080439459 | n=800
0		1.0
0.1		1.202319587628866
0.2		1.231958762886598
0.3		1.240979381443299
0.4		1.2338917525773196
0.5		1.259020618556701
0.6		1.2693298969072164
0.7		1.3021907216494846
0.8		1.3041237113402062
0.9		1.2925257731958764
1		1.3208762886597938
> assign800.txt | 07 April 2024, 15:23:36 | Seed=3083464867725253492 | n=800
0		1.0
0.1		1.3028350515463918
0.2		1.2893041237113403
0.3		1.222938144329897
0.4		1.2519329896907216
0.5		1.2963917525773196
0.6		1.2609536082474226
0.7		1.2989690721649485
0.8		1.3376288659793814
0.9		1.294458762886598
1		1.268041237113402
> assign800.txt | 07 April 2024, 15:24:26 | Seed=8707871547661016158 | n=800
0		1.0
0.1		1.2615979381443299
0.2		1.2338917525773196
0.3		1.3743556701030928
0.4		1.2390463917525774
0.5		1.315721649484536
0.6		1.2828608247422681
0.7		1.271262886597938
0.8		1.1836340206185567
0.9		1.2545103092783505
1		1.3105670103092784
> assign800.txt | 07 April 2024, 15:25:15 | Seed=1536605796367312129 | n=800
0		1.0
0.1		1.219716494845361
0.2		1.2358247422680413
0.3		1.2725515463917525
0.4		1.294458762886598
0.5		1.2190721649484537
0.6		1.226159793814433
0.7		1.2628865979381443
0.8		1.2628865979381443
0.9		1.255798969072165
1		1.3408505154639174
> assign800.txt | 07 April 2024, 15:26:05 | Seed=5338918541655205735 | n=800
0		1.0
0.1		1.2403350515463918
0.2		1.2487113402061856
0.3		1.2609536082474226
0.4		1.277061855670103
0.5		1.3176546391752577
0.6		1.294458762886598
0.7		1.2100515463917525
0.8		1.217783505154639
0.9		1.2918814432989691
1		1.3466494845360826
> assign800.txt | 07 April 2024, 15:26:55 | Seed=8238315460171940229 | n=800
0		1.0
0.1		1.1900773195876289
0.2		1.2010309278350515
0.3		1.244201030927835
0.4		1.2970360824742269
0.5		1.291237113402062
0.6		1.2371134020618557
0.7		1.2809278350515463
0.8		1.2506443298969072
0.9		1.2551546391752577
1		1.262242268041237
> assign800.txt | 07 April 2024, 15:27:44 | Seed=4712607704949906834 | n=800
0		1.0
0.1		1.1990979381443299
0.2		1.2783505154639174
0.3		1.259020618556701
0.4		1.3079896907216495
0.5		1.2951030927835052
0.6		1.2448453608247423
0.7		1.2255154639175259
0.8		1.2119845360824741
0.9		1.2364690721649485
1		1.288659793814433
> assign800.txt | 07 April 2024, 15:28:34 | Seed=2971679957815227278 | n=800
0		1.0
0.1		1.240979381443299
0.2		1.2222938144329898
0.3		1.2893041237113403
0.4		1.277061855670103
0.5		1.2493556701030928
0.6		1.2545103092783505
0.7		1.318298969072165
0.8		1.344716494845361
0.9		1.309278350515464
1		1.285438144329897
> assign800.txt | 07 April 2024, 15:29:24 | Seed=2930614378697301954 | n=800
0		1.0
0.1		1.2081185567010309
0.2		1.2764175257731958
0.3		1.2293814432989691
0.4		1.2628865979381443
0.5		1.2654639175257731
0.6		1.2893041237113403
0.7		1.2416237113402062
0.8		1.2222938144329898
0.9		1.303479381443299
1		1.2764175257731958
> assign800.txt | 07 April 2024, 15:30:14 | Seed=6603472049559677332 | n=800
0		1.0
0.1		1.2190721649484537
0.2		1.3054123711340206
0.3		1.2764175257731958
0.4		1.231958762886598
0.5		1.2905927835051547
0.6		1.2667525773195876
0.7		1.2480670103092784
0.8		1.330541237113402
0.9		1.2725515463917525
1		1.2925257731958764
> assign800.txt | 07 April 2024, 15:31:04 | Seed=6632191650649854162 | n=800
0		1.0
0.1		1.2686855670103092
0.2		1.288659793814433
0.3		1.2835051546391754
0.4		1.291237113402062
0.5		1.2512886597938144
0.6		1.268041237113402
0.7		1.2448453608247423
0.8		1.3105670103092784
0.9		1.2358247422680413
1		1.2519329896907216
> assign800.txt | 07 April 2024, 15:31:54 | Seed=7955110329041954409 | n=800
0		1.0
0.1		1.2609536082474226
0.2		1.2300257731958764
0.3		1.2048969072164948
0.4		1.2448453608247423
0.5		1.3060567010309279
0.6		1.2448453608247423
0.7		1.2519329896907216
0.8		1.2893041237113403
0.9		1.3047680412371134
1		1.2693298969072164
> assign800.txt | 07 April 2024, 15:32:44 | Seed=7993533820161639185 | n=800
0		1.0
0.1		1.2203608247422681
0.2		1.2345360824742269
0.3		1.2744845360824741
0.4		1.2313144329896908
0.5		1.336340206185567
0.6		1.214561855670103
0.7		1.235180412371134
0.8		1.1990979381443299
0.9		1.264819587628866
1		1.3163659793814433
> assign800.txt | 07 April 2024, 15:33:33 | Seed=7515475434646481275 | n=800
0		1.0
0.1		1.25
0.2		1.264819587628866
0.3		1.2931701030927836
0.4		1.2448453608247423
0.5		1.1900773195876289
0.6		1.2673969072164948
0.7		1.3144329896907216
0.8		1.3318298969072164
0.9		1.2615979381443299
1		1.2248711340206186
> assign800.txt | 07 April 2024, 15:34:23 | Seed=1583320362573268115 | n=800
0		1.0
0.1		1.1945876288659794
0.2		1.214561855670103
0.3		1.2448453608247423
0.4		1.2429123711340206
0.5		1.2545103092783505
0.6		1.3086340206185567
0.7		1.2280927835051547
0.8		1.3144329896907216
0.9		1.2828608247422681
1		1.2474226804123711
> assign800.txt | 07 April 2024, 15:35:14 | Seed=8199564772455347903 | n=800
0		1.0
0.1		1.2094072164948453
0.2		1.2725515463917525
0.3		1.2164948453608246
0.4		1.2203608247422681
0.5		1.2493556701030928
0.6		1.3118556701030928
0.7		1.2551546391752577
0.8		1.2461340206185567
0.9		1.2719072164948453
1		1.3105670103092784
> assign800.txt | 07 April 2024, 15:36:04 | Seed=6863781160100167645 | n=800
0		1.0
0.1		1.2010309278350515
0.2		1.228737113402062
0.3		1.2635309278350515
0.4		1.2313144329896908
0.5		1.244201030927835
0.6		1.2918814432989691
0.7		1.294458762886598
0.8		1.2796391752577319
0.9		1.2860824742268042
1		1.2525773195876289
> assign800.txt | 07 April 2024, 15:36:54 | Seed=3722454096719652394 | n=800
0		1.0
0.1		1.2003865979381443
0.2		1.2403350515463918
0.3		1.2989690721649485
0.4		1.2454896907216495
0.5		1.318298969072165
0.6		1.235180412371134
0.7		1.2615979381443299
0.8		1.285438144329897
0.9		1.235180412371134
1		1.3556701030927836
> assign800.txt | 07 April 2024, 15:37:44 | Seed=5676459161921464503 | n=800
0		1.0
0.1		1.228737113402062
0.2		1.2119845360824741
0.3		1.2242268041237114
0.4		1.3021907216494846
0.5		1.2693298969072164
0.6		1.277061855670103
0.7		1.2809278350515463
0.8		1.2615979381443299
0.9		1.2596649484536082
1		1.288659793814433
> assign800.txt | 07 April 2024, 15:38:34 | Seed=6133011315272588293 | n=800
0		1.0
0.1		1.2416237113402062
0.2		1.268041237113402
0.3		1.253221649484536
0.4		1.2686855670103092
0.5		1.2751288659793814
0.6		1.2615979381443299
0.7		1.327319587628866
0.8		1.2384020618556701
0.9		1.2719072164948453
1		1.3453608247422681
> assign800.txt | 07 April 2024, 15:39:23 | Seed=4397892325916494267 | n=800
0		1.0
0.1		1.1945876288659794
0.2		1.231958762886598
0.3		1.2719072164948453
0.4		1.2493556701030928
0.5		1.2480670103092784
0.6		1.3414948453608246
0.7		1.2222938144329898
0.8		1.2371134020618557
0.9		1.222938144329897
1		1.3228092783505154
> assign800.txt | 07 April 2024, 15:40:15 | Seed=4690131767681097680 | n=800
0		1.0
0.1		1.235180412371134
0.2		1.2673969072164948
0.3		1.2416237113402062
0.4		1.2384020618556701
0.5		1.2338917525773196
0.6		1.2783505154639174
0.7		1.347938144329897
0.8		1.3028350515463918
0.9		1.3041237113402062
1		1.2545103092783505
> assign800.txt | 07 April 2024, 15:41:05 | Seed=4858798197274505953 | n=800
0		1.0
0.1		1.1894329896907216
0.2		1.2931701030927836
0.3		1.2474226804123711
0.4		1.246778350515464
0.5		1.2880154639175259
0.6		1.3298969072164948
0.7		1.2686855670103092
0.8		1.3195876288659794
0.9		1.2661082474226804
1		1.2706185567010309
> assign800.txt | 07 April 2024, 15:41:55 | Seed=2819273388401362850 | n=800
0		1.0
0.1		1.1797680412371134
0.2		1.2139175257731958
0.3		1.2448453608247423
0.4		1.2384020618556701
0.5		1.2609536082474226
0.6		1.2435567010309279
0.7		1.244201030927835
0.8		1.2970360824742269
0.9		1.2493556701030928
1		1.2487113402061856
> assign800.txt | 07 April 2024, 15:42:45 | Seed=3582402275039596083 | n=800
0		1.0
0.1		1.1978092783505154
0.2		1.280283505154639
0.3		1.333762886597938
0.4		1.2693298969072164
0.5		1.2010309278350515
0.6		1.3041237113402062
0.7		1.3421391752577319
0.8		1.336340206185567
0.9		1.2661082474226804
1		1.2841494845360826
> assign800.txt | 07 April 2024, 15:43:34 | Seed=3654309260163831207 | n=800
0		1.0
0.1		1.2545103092783505
0.2		1.253221649484536
0.3		1.2435567010309279
0.4		1.2171391752577319
0.5		1.1971649484536082
0.6		1.2126288659793814
0.7		1.2777061855670102
0.8		1.2326030927835052
0.9		1.228737113402062
1		1.3911082474226804
> assign800.txt | 07 April 2024, 15:44:24 | Seed=7342380441221817901 | n=800
0		1.0
0.1		1.2545103092783505
0.2		1.2596649484536082
0.3		1.2628865979381443
0.4		1.2435567010309279
0.5		1.2512886597938144
0.6		1.1952319587628866
0.7		1.3221649484536082
0.8		1.3009020618556701
0.9		1.3240979381443299
1		1.2564432989690721
> assign800.txt | 07 April 2024, 15:45:14 | Seed=1832027409329856497 | n=800
0		1.0
0.1		1.2010309278350515
0.2		1.1681701030927836
0.3		1.2152061855670102
0.4		1.2596649484536082
0.5		1.285438144329897
0.6		1.271262886597938
0.7		1.2635309278350515
0.8		1.2048969072164948
0.9		1.2925257731958764
1		1.2512886597938144
> assign800.txt | 07 April 2024, 15:46:04 | Seed=2601055969424192987 | n=800
0		1.0
0.1		1.2358247422680413
0.2		1.2313144329896908
0.3		1.291237113402062
0.4		1.2545103092783505
0.5		1.330541237113402
0.6		1.3240979381443299
0.7		1.2474226804123711
0.8		1.259020618556701
0.9		1.2371134020618557
1		1.2938144329896908
