> assign100.txt | 07 April 2024, 17:45:24 | Seed=5629688496188513718 | n=100
0		1.0
0.01		1.278688524590164
0.02		1.3049180327868852
0.03		1.2491803278688525
0.04		1.518032786885246
0.05		1.140983606557377
0.06		1.4491803278688524
0.07		1.3508196721311476
0.08		1.3639344262295081
0.09		1.5344262295081967
0.1		1.7508196721311475
> assign100.txt | 07 April 2024, 17:45:25 | Seed=7931314243069235348 | n=100
0		1.0
0.01		1.20327868852459
0.02		1.1147540983606556
0.03		1.540983606557377
0.04		1.1934426229508197
0.05		1.360655737704918
0.06		1.5967213114754097
0.07		1.5934426229508196
0.08		1.4229508196721312
0.09		1.301639344262295
0.1		1.419672131147541
> assign100.txt | 07 April 2024, 17:45:25 | Seed=7282458632107656062 | n=100
0		1.0
0.01		1.157377049180328
0.02		1.2426229508196722
0.03		1.2852459016393443
0.04		1.0918032786885246
0.05		1.580327868852459
0.06		1.2491803278688525
0.07		1.3901639344262295
0.08		1.4295081967213115
0.09		1.321311475409836
0.1		1.6
> assign100.txt | 07 April 2024, 17:45:26 | Seed=5954900385700141973 | n=100
0		1.0
0.01		1.0032786885245901
0.02		1.160655737704918
0.03		1.3934426229508197
0.04		1.0590163934426229
0.05		1.340983606557377
0.06		1.5934426229508196
0.07		1.8950819672131147
0.08		1.160655737704918
0.09		1.498360655737705
0.1		1.5672131147540984
> assign100.txt | 07 April 2024, 17:45:26 | Seed=1149710446201368932 | n=100
0		1.0
0.01		1.0
0.02		1.3704918032786886
0.03		1.5147540983606558
0.04		1.5540983606557377
0.05		1.4426229508196722
0.06		1.4032786885245903
0.07		1.5245901639344261
0.08		1.4262295081967213
0.09		1.1639344262295082
0.1		1.3147540983606558
> assign100.txt | 07 April 2024, 17:45:26 | Seed=2012790549634110290 | n=100
0		1.0
0.01		1.0
0.02		1.419672131147541
0.03		1.3770491803278688
0.04		1.3540983606557377
0.05		1.2426229508196722
0.06		1.1639344262295082
0.07		1.7442622950819673
0.08		1.3901639344262295
0.09		1.337704918032787
0.1		1.544262295081967
> assign100.txt | 07 April 2024, 17:45:27 | Seed=6209486078634014597 | n=100
0		1.0
0.01		1.180327868852459
0.02		1.0786885245901638
0.03		1.160655737704918
0.04		1.2426229508196722
0.05		1.3573770491803279
0.06		1.4262295081967213
0.07		1.3311475409836067
0.08		1.3901639344262295
0.09		1.4163934426229507
0.1		1.3967213114754098
> assign100.txt | 07 April 2024, 17:45:27 | Seed=4375073058820069451 | n=100
0		1.0
0.01		1.118032786885246
0.02		1.0655737704918034
0.03		1.5049180327868852
0.04		1.455737704918033
0.05		1.5967213114754097
0.06		1.5147540983606558
0.07		1.3344262295081968
0.08		1.862295081967213
0.09		1.6557377049180328
0.1		1.6950819672131148
> assign100.txt | 07 April 2024, 17:45:28 | Seed=2279309657326067838 | n=100
0		1.0
0.01		1.1147540983606556
0.02		1.0885245901639344
0.03		1.360655737704918
0.04		1.1672131147540983
0.05		1.3114754098360655
0.06		1.3114754098360655
0.07		1.3147540983606558
0.08		1.4491803278688524
0.09		1.4918032786885247
0.1		1.7147540983606557
> assign100.txt | 07 April 2024, 17:45:28 | Seed=4592752567138265061 | n=100
0		1.0
0.01		1.0655737704918034
0.02		1.1311475409836065
0.03		1.2459016393442623
0.04		1.2852459016393443
0.05		1.321311475409836
0.06		1.3508196721311476
0.07		1.3540983606557377
0.08		1.659016393442623
0.09		1.259016393442623
0.1		1.5868852459016394
> assign100.txt | 07 April 2024, 17:45:28 | Seed=3528437333303452535 | n=100
0		1.0
0.01		1.1081967213114754
0.02		1.360655737704918
0.03		1.544262295081967
0.04		1.5540983606557377
0.05		1.1967213114754098
0.06		1.2360655737704918
0.07		1.5147540983606558
0.08		1.360655737704918
0.09		1.7081967213114755
0.1		1.4065573770491804
> assign100.txt | 07 April 2024, 17:45:29 | Seed=7048613229051978319 | n=100
0		1.0
0.01		1.2491803278688525
0.02		1.1672131147540983
0.03		1.3311475409836067
0.04		1.3540983606557377
0.05		1.5672131147540984
0.06		1.4852459016393442
0.07		1.4295081967213115
0.08		1.3508196721311476
0.09		1.4918032786885247
0.1		1.6754098360655738
> assign100.txt | 07 April 2024, 17:45:29 | Seed=99939064011800396 | n=100
0		1.0
0.01		1.2721311475409836
0.02		1.2491803278688525
0.03		1.337704918032787
0.04		1.2721311475409836
0.05		1.5836065573770493
0.06		1.3672131147540985
0.07		1.4459016393442623
0.08		1.5278688524590165
0.09		1.540983606557377
0.1		1.501639344262295
> assign100.txt | 07 April 2024, 17:45:30 | Seed=7027696147270804698 | n=100
0		1.0
0.01		1.1147540983606556
0.02		1.160655737704918
0.03		1.1311475409836065
0.04		1.6262295081967213
0.05		1.118032786885246
0.06		1.5049180327868852
0.07		1.5540983606557377
0.08		1.383606557377049
0.09		1.619672131147541
0.1		1.5540983606557377
> assign100.txt | 07 April 2024, 17:45:30 | Seed=7411679501936118084 | n=100
0		1.0
0.01		1.2885245901639344
0.02		1.459016393442623
0.03		1.5081967213114753
0.04		1.4852459016393442
0.05		1.3901639344262295
0.06		1.4032786885245903
0.07		1.501639344262295
0.08		1.459016393442623
0.09		1.819672131147541
0.1		1.2262295081967214
> assign100.txt | 07 April 2024, 17:45:30 | Seed=6247210607171103877 | n=100
0		1.0
0.01		1.0786885245901638
0.02		1.4950819672131148
0.03		1.321311475409836
0.04		1.2459016393442623
0.05		1.6950819672131148
0.06		1.4295081967213115
0.07		1.4754098360655739
0.08		1.222950819672131
0.09		1.298360655737705
0.1		1.4327868852459016
> assign100.txt | 07 April 2024, 17:45:31 | Seed=715749505615827589 | n=100
0		1.0
0.01		1.1737704918032787
0.02		1.3311475409836067
0.03		1.301639344262295
0.04		1.4098360655737705
0.05		1.140983606557377
0.06		1.498360655737705
0.07		1.7672131147540984
0.08		1.544262295081967
0.09		1.298360655737705
0.1		1.4655737704918033
> assign100.txt | 07 April 2024, 17:45:31 | Seed=503212800386973066 | n=100
0		1.0
0.01		1.1672131147540983
0.02		1.3049180327868852
0.03		1.137704918032787
0.04		1.2754098360655737
0.05		1.540983606557377
0.06		1.4098360655737705
0.07		1.5147540983606558
0.08		1.1540983606557378
0.09		1.4688524590163934
0.1		1.616393442622951
> assign100.txt | 07 April 2024, 17:45:32 | Seed=6937723650600647882 | n=100
0		1.0
0.01		1.1540983606557378
0.02		1.3049180327868852
0.03		1.5049180327868852
0.04		1.160655737704918
0.05		1.4065573770491804
0.06		1.639344262295082
0.07		1.7049180327868851
0.08		1.4655737704918033
0.09		1.2918032786885245
0.1		1.380327868852459
> assign100.txt | 07 April 2024, 17:45:32 | Seed=7487203478673696465 | n=100
0		1.0
0.01		1.1540983606557378
0.02		1.2524590163934426
0.03		1.340983606557377
0.04		1.4131147540983606
0.05		1.3770491803278688
0.06		1.337704918032787
0.07		1.6327868852459015
0.08		1.7836065573770492
0.09		1.5245901639344261
0.1		1.3639344262295081
> assign100.txt | 07 April 2024, 17:45:32 | Seed=5852036743279041407 | n=100
0		1.0
0.01		1.062295081967213
0.02		1.0786885245901638
0.03		1.340983606557377
0.04		1.2655737704918033
0.05		1.4852459016393442
0.06		1.4426229508196722
0.07		1.1704918032786886
0.08		1.7573770491803278
0.09		1.4426229508196722
0.1		1.7147540983606557
> assign100.txt | 07 April 2024, 17:45:33 | Seed=6410182276134804568 | n=100
0		1.0
0.01		1.2393442622950819
0.02		1.2327868852459016
0.03		1.1278688524590164
0.04		1.298360655737705
0.05		1.616393442622951
0.06		1.4885245901639343
0.07		1.478688524590164
0.08		1.4459016393442623
0.09		1.544262295081967
0.1		1.4
> assign100.txt | 07 April 2024, 17:45:33 | Seed=7498353048504947514 | n=100
0		1.0
0.01		1.2
0.02		1.2163934426229508
0.03		1.3245901639344262
0.04		1.521311475409836
0.05		1.1213114754098361
0.06		1.3475409836065573
0.07		1.4295081967213115
0.08		1.1672131147540983
0.09		1.4262295081967213
0.1		1.2393442622950819
> assign100.txt | 07 April 2024, 17:45:34 | Seed=4595413589133040715 | n=100
0		1.0
0.01		1.2426229508196722
0.02		1.3540983606557377
0.03		1.459016393442623
0.04		1.3278688524590163
0.05		1.383606557377049
0.06		1.222950819672131
0.07		1.5278688524590165
0.08		1.478688524590164
0.09		1.740983606557377
0.1		1.7311475409836066
> assign100.txt | 07 April 2024, 17:45:34 | Seed=5938609787205645008 | n=100
0		1.0
0.01		1.2065573770491804
0.02		1.0721311475409836
0.03		1.6721311475409837
0.04		1.3639344262295081
0.05		1.4098360655737705
0.06		1.419672131147541
0.07		1.1967213114754098
0.08		1.4032786885245903
0.09		1.501639344262295
0.1		1.3737704918032787
> assign100.txt | 07 April 2024, 17:45:34 | Seed=29366123155998501 | n=100
0		1.0
0.01		1.1672131147540983
0.02		1.4131147540983606
0.03		1.3639344262295081
0.04		1.0852459016393443
0.05		1.301639344262295
0.06		1.6360655737704919
0.07		1.3508196721311476
0.08		1.5081967213114753
0.09		1.3475409836065573
0.1		1.7245901639344263
> assign100.txt | 07 April 2024, 17:45:35 | Seed=3303707212295979681 | n=100
0		1.0
0.01		1.2819672131147541
0.02		1.118032786885246
0.03		1.2721311475409836
0.04		1.4918032786885247
0.05		1.6885245901639345
0.06		1.6065573770491803
0.07		1.321311475409836
0.08		1.498360655737705
0.09		1.639344262295082
0.1		1.2295081967213115
> assign100.txt | 07 April 2024, 17:45:35 | Seed=6981525761410015858 | n=100
0		1.0
0.01		1.160655737704918
0.02		1.2295081967213115
0.03		1.4655737704918033
0.04		1.3934426229508197
0.05		1.7836065573770492
0.06		1.4459016393442623
0.07		1.6131147540983606
0.08		1.8098360655737704
0.09		1.4655737704918033
0.1		1.4
> assign100.txt | 07 April 2024, 17:45:36 | Seed=8171949614278033412 | n=100
0		1.0
0.01		1.1147540983606556
0.02		1.1016393442622952
0.03		1.380327868852459
0.04		1.5868852459016394
0.05		1.5737704918032787
0.06		1.439344262295082
0.07		1.4885245901639343
0.08		1.5081967213114753
0.09		1.7737704918032786
0.1		1.4524590163934425
> assign100.txt | 07 April 2024, 17:45:36 | Seed=3034965809624097478 | n=100
0		1.0
0.01		1.180327868852459
0.02		1.2327868852459016
0.03		1.340983606557377
0.04		1.4262295081967213
0.05		1.2622950819672132
0.06		1.3081967213114754
0.07		1.2393442622950819
0.08		1.380327868852459
0.09		1.3704918032786886
0.1		1.3311475409836067
> assign200.txt | 07 April 2024, 17:45:38 | Seed=5629688496188513718 | n=200
0		1.0
0.01		1.3326315789473684
0.02		1.231578947368421
0.03		1.5705263157894738
0.04		1.1894736842105262
0.05		1.3263157894736841
0.06		1.5578947368421052
0.07		1.4884210526315789
0.08		1.5305263157894737
0.09		1.3936842105263159
0.1		1.2652631578947369
> assign200.txt | 07 April 2024, 17:45:40 | Seed=7931314243069235348 | n=200
0		1.0
0.01		1.1957894736842105
0.02		1.2442105263157894
0.03		1.3663157894736842
0.04		1.3936842105263159
0.05		1.2463157894736843
0.06		1.4610526315789474
0.07		1.28
0.08		1.4421052631578948
0.09		1.4063157894736842
0.1		1.6294736842105264
> assign200.txt | 07 April 2024, 17:45:42 | Seed=7282458632107656062 | n=200
0		1.0
0.01		1.1157894736842104
0.02		1.4063157894736842
0.03		1.4021052631578947
0.04		1.3621052631578947
0.05		1.591578947368421
0.06		1.391578947368421
0.07		1.456842105263158
0.08		1.4442105263157894
0.09		1.6294736842105264
0.1		1.343157894736842
> assign200.txt | 07 April 2024, 17:45:44 | Seed=5954900385700141973 | n=200
0		1.0
0.01		1.1389473684210527
0.02		1.2421052631578948
0.03		1.2
0.04		1.4
0.05		1.5768421052631578
0.06		1.4252631578947368
0.07		1.4778947368421054
0.08		1.4357894736842105
0.09		1.5073684210526315
0.1		1.391578947368421
> assign200.txt | 07 April 2024, 17:45:46 | Seed=1149710446201368932 | n=200
0		1.0
0.01		1.1726315789473685
0.02		1.1094736842105264
0.03		1.391578947368421
0.04		1.3347368421052632
0.05		1.3831578947368421
0.06		1.4126315789473685
0.07		1.5347368421052632
0.08		1.44
0.09		1.4631578947368422
0.1		1.3642105263157895
> assign200.txt | 07 April 2024, 17:45:48 | Seed=2012790549634110290 | n=200
0		1.0
0.01		1.0610526315789475
0.02		1.2863157894736843
0.03		1.2442105263157894
0.04		1.4357894736842105
0.05		1.368421052631579
0.06		1.6021052631578947
0.07		1.528421052631579
0.08		1.5557894736842106
0.09		1.3642105263157895
0.1		1.5873684210526315
> assign200.txt | 07 April 2024, 17:45:49 | Seed=6209486078634014597 | n=200
0		1.0
0.01		1.2252631578947368
0.02		1.456842105263158
0.03		1.16
0.04		1.4610526315789474
0.05		1.3347368421052632
0.06		1.4905263157894737
0.07		1.5073684210526315
0.08		1.3789473684210527
0.09		1.5115789473684211
0.1		1.5368421052631578
> assign200.txt | 07 April 2024, 17:45:52 | Seed=4375073058820069451 | n=200
0		1.0
0.01		1.2421052631578948
0.02		1.2042105263157894
0.03		1.4063157894736842
0.04		1.3873684210526316
0.05		1.3873684210526316
0.06		1.3852631578947368
0.07		1.416842105263158
0.08		1.3389473684210527
0.09		1.3873684210526316
0.1		1.6673684210526316
> assign200.txt | 07 April 2024, 17:45:53 | Seed=2279309657326067838 | n=200
0		1.0
0.01		1.2905263157894737
0.02		1.2926315789473684
0.03		1.1705263157894736
0.04		1.4884210526315789
0.05		1.1452631578947368
0.06		1.4189473684210527
0.07		1.3726315789473684
0.08		1.328421052631579
0.09		1.3831578947368421
0.1		1.688421052631579
> assign200.txt | 07 April 2024, 17:45:56 | Seed=4592752567138265061 | n=200
0		1.0
0.01		1.016842105263158
0.02		1.1936842105263157
0.03		1.24
0.04		1.174736842105263
0.05		1.3852631578947368
0.06		1.5347368421052632
0.07		1.3873684210526316
0.08		1.4947368421052631
0.09		1.4778947368421054
0.1		1.2842105263157895
> assign200.txt | 07 April 2024, 17:45:57 | Seed=3528437333303452535 | n=200
0		1.0
0.01		1.1852631578947368
0.02		1.2905263157894737
0.03		1.4063157894736842
0.04		1.231578947368421
0.05		1.3410526315789473
0.06		1.2
0.07		1.3642105263157895
0.08		1.5389473684210526
0.09		1.5052631578947369
0.1		1.4378947368421053
> assign200.txt | 07 April 2024, 17:45:59 | Seed=7048613229051978319 | n=200
0		1.0
0.01		1.2
0.02		1.1621052631578948
0.03		1.4421052631578948
0.04		1.3347368421052632
0.05		1.711578947368421
0.06		1.5978947368421053
0.07		1.5747368421052632
0.08		1.433684210526316
0.09		1.4842105263157894
0.1		1.4021052631578947
> assign200.txt | 07 April 2024, 17:46:01 | Seed=99939064011800396 | n=200
0		1.0
0.01		1.1431578947368422
0.02		1.1957894736842105
0.03		1.5052631578947369
0.04		1.5473684210526315
0.05		1.5873684210526315
0.06		1.2610526315789474
0.07		1.3305263157894738
0.08		1.5978947368421053
0.09		1.32
0.1		1.631578947368421
> assign200.txt | 07 April 2024, 17:46:03 | Seed=7027696147270804698 | n=200
0		1.0
0.01		1.1894736842105262
0.02		1.1221052631578947
0.03		1.3326315789473684
0.04		1.2021052631578948
0.05		1.4610526315789474
0.06		1.5368421052631578
0.07		1.5052631578947369
0.08		1.3157894736842106
0.09		1.6210526315789473
0.1		1.5368421052631578
> assign200.txt | 07 April 2024, 17:46:05 | Seed=7411679501936118084 | n=200
0		1.0
0.01		1.2252631578947368
0.02		1.3347368421052632
0.03		1.328421052631579
0.04		1.1536842105263159
0.05		1.4252631578947368
0.06		1.3263157894736841
0.07		1.3305263157894738
0.08		1.5368421052631578
0.09		1.3726315789473684
0.1		1.6021052631578947
> assign200.txt | 07 April 2024, 17:46:07 | Seed=6247210607171103877 | n=200
0		1.0
0.01		1.311578947368421
0.02		1.2442105263157894
0.03		1.3263157894736841
0.04		1.3494736842105264
0.05		1.471578947368421
0.06		1.6063157894736841
0.07		1.3768421052631579
0.08		1.5768421052631578
0.09		1.3578947368421053
0.1		1.3221052631578947
> assign200.txt | 07 April 2024, 17:46:09 | Seed=715749505615827589 | n=200
0		1.0
0.01		1.16
0.02		1.3221052631578947
0.03		1.4357894736842105
0.04		1.4042105263157896
0.05		1.3473684210526315
0.06		1.551578947368421
0.07		1.551578947368421
0.08		1.3873684210526316
0.09		1.431578947368421
0.1		1.4926315789473685
> assign200.txt | 07 April 2024, 17:46:11 | Seed=503212800386973066 | n=200
0		1.0
0.01		1.12
0.02		1.111578947368421
0.03		1.311578947368421
0.04		1.1852631578947368
0.05		1.2042105263157894
0.06		1.6505263157894736
0.07		1.3894736842105264
0.08		1.3705263157894736
0.09		1.568421052631579
0.1		1.5389473684210526
> assign200.txt | 07 April 2024, 17:46:13 | Seed=6937723650600647882 | n=200
0		1.0
0.01		1.2294736842105263
0.02		1.1705263157894736
0.03		1.3326315789473684
0.04		1.328421052631579
0.05		1.503157894736842
0.06		1.3894736842105264
0.07		1.3326315789473684
0.08		1.7452631578947368
0.09		1.4757894736842105
0.1		1.368421052631579
> assign200.txt | 07 April 2024, 17:46:16 | Seed=7487203478673696465 | n=200
0		1.0
0.01		1.1726315789473685
0.02		1.128421052631579
0.03		1.3494736842105264
0.04		1.3263157894736841
0.05		1.5010526315789474
0.06		1.2842105263157895
0.07		1.5073684210526315
0.08		1.4652631578947368
0.09		1.5347368421052632
0.1		1.24
> assign200.txt | 07 April 2024, 17:46:18 | Seed=5852036743279041407 | n=200
0		1.0
0.01		1.1157894736842104
0.02		1.4421052631578948
0.03		1.263157894736842
0.04		1.191578947368421
0.05		1.2905263157894737
0.06		1.328421052631579
0.07		1.4189473684210527
0.08		1.2189473684210526
0.09		1.3094736842105263
0.1		1.551578947368421
> assign200.txt | 07 April 2024, 17:46:20 | Seed=6410182276134804568 | n=200
0		1.0
0.01		1.1705263157894736
0.02		1.1073684210526316
0.03		1.2084210526315788
0.04		1.2610526315789474
0.05		1.1578947368421053
0.06		1.3642105263157895
0.07		1.4
0.08		1.311578947368421
0.09		1.6189473684210527
0.1		1.583157894736842
> assign200.txt | 07 April 2024, 17:46:22 | Seed=7498353048504947514 | n=200
0		1.0
0.01		1.12
0.02		1.2821052631578946
0.03		1.3473684210526315
0.04		1.2547368421052632
0.05		1.3726315789473684
0.06		1.303157894736842
0.07		1.545263157894737
0.08		1.3873684210526316
0.09		1.5136842105263157
0.1		1.4105263157894736
> assign200.txt | 07 April 2024, 17:46:24 | Seed=4595413589133040715 | n=200
0		1.0
0.01		1.12
0.02		1.16
0.03		1.3873684210526316
0.04		1.345263157894737
0.05		1.2736842105263158
0.06		1.4526315789473685
0.07		1.5242105263157895
0.08		1.2778947368421052
0.09		1.5642105263157895
0.1		1.4294736842105262
> assign200.txt | 07 April 2024, 17:46:26 | Seed=5938609787205645008 | n=200
0		1.0
0.01		1.1873684210526316
0.02		1.1852631578947368
0.03		1.4652631578947368
0.04		1.4757894736842105
0.05		1.2
0.06		1.5073684210526315
0.07		1.2821052631578946
0.08		1.5221052631578946
0.09		1.7347368421052631
0.1		1.32
> assign200.txt | 07 April 2024, 17:46:29 | Seed=29366123155998501 | n=200
0		1.0
0.01		1.0526315789473684
0.02		1.1810526315789474
0.03		1.431578947368421
0.04		1.4063157894736842
0.05		1.4042105263157896
0.06		1.5536842105263158
0.07		1.4526315789473685
0.08		1.4421052631578948
0.09		1.4842105263157894
0.1		1.3726315789473684
> assign200.txt | 07 April 2024, 17:46:30 | Seed=3303707212295979681 | n=200
0		1.0
0.01		1.0442105263157895
0.02		1.303157894736842
0.03		1.5073684210526315
0.04		1.3221052631578947
0.05		1.3831578947368421
0.06		1.5578947368421052
0.07		1.4589473684210525
0.08		1.3557894736842104
0.09		1.4442105263157894
0.1		1.543157894736842
> assign200.txt | 07 April 2024, 17:46:32 | Seed=6981525761410015858 | n=200
0		1.0
0.01		1.151578947368421
0.02		1.231578947368421
0.03		1.2778947368421052
0.04		1.3663157894736842
0.05		1.4947368421052631
0.06		1.4505263157894737
0.07		1.3831578947368421
0.08		1.1978947368421053
0.09		1.6378947368421053
0.1		1.4989473684210526
> assign200.txt | 07 April 2024, 17:46:34 | Seed=8171949614278033412 | n=200
0		1.0
0.01		1.1642105263157896
0.02		1.4463157894736842
0.03		1.2821052631578946
0.04		1.3263157894736841
0.05		1.5410526315789475
0.06		1.4778947368421054
0.07		1.6357894736842105
0.08		1.503157894736842
0.09		1.328421052631579
0.1		1.4042105263157896
> assign200.txt | 07 April 2024, 17:46:36 | Seed=3034965809624097478 | n=200
0		1.0
0.01		1.3010526315789475
0.02		1.2
0.03		1.3136842105263158
0.04		1.2673684210526315
0.05		1.2863157894736843
0.06		1.36
0.07		1.4652631578947368
0.08		1.5368421052631578
0.09		1.454736842105263
0.1		1.5010526315789474
> assign300.txt | 07 April 2024, 17:46:41 | Seed=5629688496188513718 | n=300
0		1.0
0.01		1.1725239616613419
0.02		1.3130990415335464
0.03		1.1741214057507987
0.04		1.3738019169329074
0.05		1.5319488817891374
0.06		1.3865814696485623
0.07		1.2539936102236422
0.08		1.5175718849840256
0.09		1.4488817891373802
0.1		1.365814696485623
> assign300.txt | 07 April 2024, 17:46:46 | Seed=7931314243069235348 | n=300
0		1.0
0.01		1.1150159744408945
0.02		1.1805111821086263
0.03		1.3370607028753994
0.04		1.3274760383386581
0.05		1.3130990415335464
0.06		1.5031948881789137
0.07		1.3482428115015974
0.08		1.4472843450479234
0.09		1.4361022364217253
0.1		1.3146964856230032
> assign300.txt | 07 April 2024, 17:46:50 | Seed=7282458632107656062 | n=300
0		1.0
0.01		1.2300319488817892
0.02		1.268370607028754
0.03		1.2252396166134185
0.04		1.329073482428115
0.05		1.3993610223642172
0.06		1.538338658146965
0.07		1.255591054313099
0.08		1.4185303514376997
0.09		1.487220447284345
0.1		1.3466453674121406
> assign300.txt | 07 April 2024, 17:46:55 | Seed=5954900385700141973 | n=300
0		1.0
0.01		1.1853035143769968
0.02		1.194888178913738
0.03		1.3035143769968052
0.04		1.4105431309904153
0.05		1.2571884984025559
0.06		1.4520766773162939
0.07		1.4185303514376997
0.08		1.3194888178913737
0.09		1.3083067092651757
0.1		1.4664536741214058
> assign300.txt | 07 April 2024, 17:46:59 | Seed=1149710446201368932 | n=300
0		1.0
0.01		1.1964856230031948
0.02		1.2539936102236422
0.03		1.2364217252396166
0.04		1.2252396166134185
0.05		1.389776357827476
0.06		1.3881789137380192
0.07		1.3130990415335464
0.08		1.3977635782747604
0.09		1.450479233226837
0.1		1.4584664536741214
> assign300.txt | 07 April 2024, 17:47:03 | Seed=2012790549634110290 | n=300
0		1.0
0.01		1.1533546325878594
0.02		1.2172523961661341
0.03		1.2539936102236422
0.04		1.3003194888178913
0.05		1.6022364217252396
0.06		1.4313099041533546
0.07		1.4345047923322685
0.08		1.3115015974440896
0.09		1.3833865814696487
0.1		1.3722044728434504
> assign300.txt | 07 April 2024, 17:47:08 | Seed=6209486078634014597 | n=300
0		1.0
0.01		1.2108626198083068
0.02		1.3274760383386581
0.03		1.2460063897763578
0.04		1.194888178913738
0.05		1.4808306709265175
0.06		1.3562300319488818
0.07		1.4856230031948883
0.08		1.3322683706070289
0.09		1.4952076677316295
0.1		1.5063897763578276
> assign300.txt | 07 April 2024, 17:47:12 | Seed=4375073058820069451 | n=300
0		1.0
0.01		1.1006389776357828
0.02		1.1996805111821087
0.03		1.2507987220447285
0.04		1.182108626198083
0.05		1.3753993610223643
0.06		1.5175718849840256
0.07		1.4696485623003195
0.08		1.2396166134185302
0.09		1.378594249201278
0.1		1.4137380191693292
> assign300.txt | 07 April 2024, 17:47:16 | Seed=2279309657326067838 | n=300
0		1.0
0.01		1.0814696485623003
0.02		1.3450479233226837
0.03		1.255591054313099
0.04		1.4520766773162939
0.05		1.1900958466453675
0.06		1.4345047923322685
0.07		1.3753993610223643
0.08		1.3482428115015974
0.09		1.389776357827476
0.1		1.4313099041533546
> assign300.txt | 07 April 2024, 17:47:21 | Seed=4592752567138265061 | n=300
0		1.0
0.01		1.0591054313099042
0.02		1.2236421725239617
0.03		1.3610223642172523
0.04		1.3530351437699681
0.05		1.5207667731629393
0.06		1.329073482428115
0.07		1.2843450479233227
0.08		1.512779552715655
0.09		1.428115015974441
0.1		1.4968051118210863
> assign300.txt | 07 April 2024, 17:47:25 | Seed=3528437333303452535 | n=300
0		1.0
0.01		1.2476038338658146
0.02		1.2044728434504792
0.03		1.292332268370607
0.04		1.4057507987220448
0.05		1.4792332268370607
0.06		1.3482428115015974
0.07		1.3929712460063899
0.08		1.4824281150159744
0.09		1.3801916932907348
0.1		1.597444089456869
> assign300.txt | 07 April 2024, 17:47:29 | Seed=7048613229051978319 | n=300
0		1.0
0.01		1.2284345047923322
0.02		1.1677316293929711
0.03		1.3370607028753994
0.04		1.3865814696485623
0.05		1.378594249201278
0.06		1.3594249201277955
0.07		1.4904153354632588
0.08		1.29073482428115
0.09		1.4217252396166133
0.1		1.2715654952076678
> assign300.txt | 07 April 2024, 17:47:34 | Seed=99939064011800396 | n=300
0		1.0
0.01		1.2220447284345048
0.02		1.159744408945687
0.03		1.3881789137380192
0.04		1.2156549520766773
0.05		1.3274760383386581
0.06		1.351437699680511
0.07		1.354632587859425
0.08		1.3977635782747604
0.09		1.268370607028754
0.1		1.5047923322683705
> assign300.txt | 07 April 2024, 17:47:38 | Seed=7027696147270804698 | n=300
0		1.0
0.01		1.0638977635782747
0.02		1.1054313099041533
0.03		1.2731629392971247
0.04		1.3354632587859425
0.05		1.29073482428115
0.06		1.255591054313099
0.07		1.3370607028753994
0.08		1.329073482428115
0.09		1.610223642172524
0.1		1.4824281150159744
> assign300.txt | 07 April 2024, 17:47:43 | Seed=7411679501936118084 | n=300
0		1.0
0.01		1.1661341853035143
0.02		1.1869009584664536
0.03		1.244408945686901
0.04		1.31629392971246
0.05		1.5287539936102237
0.06		1.5511182108626198
0.07		1.5095846645367412
0.08		1.2380191693290734
0.09		1.4792332268370607
0.1		1.4057507987220448
> assign300.txt | 07 April 2024, 17:47:47 | Seed=6247210607171103877 | n=300
0		1.0
0.01		1.1932907348242812
0.02		1.3562300319488818
0.03		1.2763578274760383
0.04		1.293929712460064
0.05		1.4345047923322685
0.06		1.3067092651757188
0.07		1.343450479233227
0.08		1.3450479233226837
0.09		1.5303514376996805
0.1		1.3019169329073483
> assign300.txt | 07 April 2024, 17:47:51 | Seed=715749505615827589 | n=300
0		1.0
0.01		1.279552715654952
0.02		1.3130990415335464
0.03		1.207667731629393
0.04		1.279552715654952
0.05		1.3993610223642172
0.06		1.3067092651757188
0.07		1.4408945686900958
0.08		1.476038338658147
0.09		1.4984025559105432
0.1		1.428115015974441
> assign300.txt | 07 April 2024, 17:47:56 | Seed=503212800386973066 | n=300
0		1.0
0.01		1.1549520766773163
0.02		1.1884984025559104
0.03		1.3210862619808306
0.04		1.148562300319489
0.05		1.3466453674121406
0.06		1.4297124600638977
0.07		1.34185303514377
0.08		1.404153354632588
0.09		1.4680511182108626
0.1		1.4345047923322685
> assign300.txt | 07 April 2024, 17:48:00 | Seed=6937723650600647882 | n=300
0		1.0
0.01		1.1900958466453675
0.02		1.3961661341853036
0.03		1.3083067092651757
0.04		1.3306709265175718
0.05		1.3130990415335464
0.06		1.4904153354632588
0.07		1.597444089456869
0.08		1.3817891373801916
0.09		1.4520766773162939
0.1		1.3594249201277955
> assign300.txt | 07 April 2024, 17:48:04 | Seed=7487203478673696465 | n=300
0		1.0
0.01		1.0686900958466454
0.02		1.2875399361022364
0.03		1.1773162939297124
0.04		1.3642172523961662
0.05		1.5031948881789137
0.06		1.31629392971246
0.07		1.3642172523961662
0.08		1.3977635782747604
0.09		1.2699680511182108
0.1		1.4968051118210863
> assign300.txt | 07 April 2024, 17:48:09 | Seed=5852036743279041407 | n=300
0		1.0
0.01		1.1038338658146964
0.02		1.2971246006389776
0.03		1.293929712460064
0.04		1.463258785942492
0.05		1.293929712460064
0.06		1.584664536741214
0.07		1.450479233226837
0.08		1.2635782747603834
0.09		1.4472843450479234
0.1		1.6853035143769968
> assign300.txt | 07 April 2024, 17:48:14 | Seed=6410182276134804568 | n=300
0		1.0
0.01		1.1645367412140575
0.02		1.156549520766773
0.03		1.3530351437699681
0.04		1.3562300319488818
0.05		1.2619808306709266
0.06		1.3482428115015974
0.07		1.2779552715654952
0.08		1.3146964856230032
0.09		1.5415335463258786
0.1		1.3929712460063899
> assign300.txt | 07 April 2024, 17:48:18 | Seed=7498353048504947514 | n=300
0		1.0
0.01		1.1022364217252396
0.02		1.1070287539936101
0.03		1.1789137380191694
0.04		1.2587859424920127
0.05		1.3354632587859425
0.06		1.3370607028753994
0.07		1.4792332268370607
0.08		1.5511182108626198
0.09		1.536741214057508
0.1		1.4600638977635783
> assign300.txt | 07 April 2024, 17:48:23 | Seed=4595413589133040715 | n=300
0		1.0
0.01		1.2699680511182108
0.02		1.220447284345048
0.03		1.1980830670926517
0.04		1.4361022364217253
0.05		1.3146964856230032
0.06		1.4249201277955272
0.07		1.2523961661341854
0.08		1.5159744408945688
0.09		1.5271565495207668
0.1		1.3562300319488818
> assign300.txt | 07 April 2024, 17:48:27 | Seed=5938609787205645008 | n=300
0		1.0
0.01		1.145367412140575
0.02		1.3003194888178913
0.03		1.182108626198083
0.04		1.3035143769968052
0.05		1.3498402555910542
0.06		1.4105431309904153
0.07		1.365814696485623
0.08		1.5143769968051117
0.09		1.4904153354632588
0.1		1.3738019169329074
> assign300.txt | 07 April 2024, 17:48:31 | Seed=29366123155998501 | n=300
0		1.0
0.01		1.1469648562300319
0.02		1.218849840255591
0.03		1.2396166134185302
0.04		1.3722044728434504
0.05		1.3466453674121406
0.06		1.218849840255591
0.07		1.3961661341853036
0.08		1.415335463258786
0.09		1.3083067092651757
0.1		1.402555910543131
> assign300.txt | 07 April 2024, 17:48:36 | Seed=3303707212295979681 | n=300
0		1.0
0.01		1.1629392971246006
0.02		1.2172523961661341
0.03		1.3594249201277955
0.04		1.3386581469648562
0.05		1.3146964856230032
0.06		1.389776357827476
0.07		1.343450479233227
0.08		1.3929712460063899
0.09		1.5559105431309903
0.1		1.3019169329073483
> assign300.txt | 07 April 2024, 17:48:40 | Seed=6981525761410015858 | n=300
0		1.0
0.01		1.1150159744408945
0.02		1.378594249201278
0.03		1.1980830670926517
0.04		1.2635782747603834
0.05		1.4249201277955272
0.06		1.3482428115015974
0.07		1.5191693290734825
0.08		1.3849840255591055
0.09		1.3738019169329074
0.1		1.512779552715655
> assign300.txt | 07 April 2024, 17:48:45 | Seed=8171949614278033412 | n=300
0		1.0
0.01		1.1789137380191694
0.02		1.2891373801916932
0.03		1.317891373801917
0.04		1.2971246006389776
0.05		1.3530351437699681
0.06		1.365814696485623
0.07		1.4376996805111821
0.08		1.3274760383386581
0.09		1.4776357827476039
0.1		1.4584664536741214
> assign300.txt | 07 April 2024, 17:48:49 | Seed=3034965809624097478 | n=300
0		1.0
0.01		1.1118210862619808
0.02		1.3722044728434504
0.03		1.231629392971246
0.04		1.1629392971246006
0.05		1.3961661341853036
0.06		1.4968051118210863
0.07		1.3849840255591055
0.08		1.4297124600638977
0.09		1.6357827476038338
0.1		1.5638977635782747
> assign400.txt | 07 April 2024, 17:48:58 | Seed=5629688496188513718 | n=400
0		1.0
0.01		1.157960199004975
0.02		1.1878109452736318
0.03		1.2723880597014925
0.04		1.2736318407960199
0.05		1.3606965174129353
0.06		1.3308457711442787
0.07		1.5149253731343284
0.08		1.2798507462686568
0.09		1.3034825870646767
0.1		1.4527363184079602
> assign400.txt | 07 April 2024, 17:49:06 | Seed=7931314243069235348 | n=400
0		1.0
0.01		1.123134328358209
0.02		1.25
0.03		1.3930348258706469
0.04		1.3532338308457712
0.05		1.359452736318408
0.06		1.3159203980099503
0.07		1.2835820895522387
0.08		1.355721393034826
0.09		1.1927860696517414
0.1		1.4191542288557213
> assign400.txt | 07 April 2024, 17:49:14 | Seed=7282458632107656062 | n=400
0		1.0
0.01		1.0982587064676617
0.02		1.2898009950248757
0.03		1.2176616915422886
0.04		1.3022388059701493
0.05		1.2475124378109452
0.06		1.3569651741293531
0.07		1.3644278606965174
0.08		1.4639303482587065
0.09		1.5111940298507462
0.1		1.373134328358209
> assign400.txt | 07 April 2024, 17:49:22 | Seed=5954900385700141973 | n=400
0		1.0
0.01		1.1791044776119404
0.02		1.36318407960199
0.03		1.1927860696517414
0.04		1.3519900497512438
0.05		1.242537313432836
0.06		1.3271144278606966
0.07		1.3718905472636815
0.08		1.3980099502487562
0.09		1.342039800995025
0.1		1.4191542288557213
> assign400.txt | 07 April 2024, 17:49:29 | Seed=1149710446201368932 | n=400
0		1.0
0.01		1.0771144278606966
0.02		1.2039800995024876
0.03		1.1281094527363185
0.04		1.199004975124378
0.05		1.2810945273631842
0.06		1.4154228855721394
0.07		1.2922885572139304
0.08		1.3818407960199004
0.09		1.3992537313432836
0.1		1.4888059701492538
> assign400.txt | 07 April 2024, 17:49:37 | Seed=2012790549634110290 | n=400
0		1.0
0.01		1.0771144278606966
0.02		1.2475124378109452
0.03		1.2549751243781095
0.04		1.2475124378109452
0.05		1.308457711442786
0.06		1.2960199004975124
0.07		1.478855721393035
0.08		1.3233830845771144
0.09		1.414179104477612
0.1		1.3706467661691542
> assign400.txt | 07 April 2024, 17:49:45 | Seed=6209486078634014597 | n=400
0		1.0
0.01		1.1492537313432836
0.02		1.0696517412935322
0.03		1.2101990049751243
0.04		1.3706467661691542
0.05		1.2985074626865671
0.06		1.4067164179104477
0.07		1.3159203980099503
0.08		1.359452736318408
0.09		1.304726368159204
0.1		1.458955223880597
> assign400.txt | 07 April 2024, 17:49:53 | Seed=4375073058820069451 | n=400
0		1.0
0.01		1.1455223880597014
0.02		1.1492537313432836
0.03		1.2798507462686568
0.04		1.2400497512437811
0.05		1.3445273631840795
0.06		1.3507462686567164
0.07		1.4751243781094527
0.08		1.3072139303482586
0.09		1.2935323383084578
0.1		1.4912935323383085
> assign400.txt | 07 April 2024, 17:50:01 | Seed=2279309657326067838 | n=400
0		1.0
0.01		1.1218905472636815
0.02		1.123134328358209
0.03		1.1927860696517414
0.04		1.4241293532338308
0.05		1.3743781094527363
0.06		1.2674129353233832
0.07		1.4440298507462686
0.08		1.3333333333333333
0.09		1.2661691542288558
0.1		1.3258706467661692
> assign400.txt | 07 April 2024, 17:50:08 | Seed=4592752567138265061 | n=400
0		1.0
0.01		1.1330845771144278
0.02		1.1467661691542288
0.03		1.2139303482587065
0.04		1.3246268656716418
0.05		1.4465174129353233
0.06		1.4179104477611941
0.07		1.2686567164179106
0.08		1.5174129353233832
0.09		1.373134328358209
0.1		1.5435323383084578
> assign400.txt | 07 April 2024, 17:50:17 | Seed=3528437333303452535 | n=400
0		1.0
0.01		1.1828358208955223
0.02		1.1679104477611941
0.03		1.359452736318408
0.04		1.355721393034826
0.05		1.2537313432835822
0.06		1.228855721393035
0.07		1.4303482587064678
0.08		1.3345771144278606
0.09		1.3992537313432836
0.1		1.3159203980099503
> assign400.txt | 07 April 2024, 17:50:25 | Seed=7048613229051978319 | n=400
0		1.0
0.01		1.228855721393035
0.02		1.2375621890547264
0.03		1.2475124378109452
0.04		1.2101990049751243
0.05		1.2898009950248757
0.06		1.349502487562189
0.07		1.3706467661691542
0.08		1.3706467661691542
0.09		1.4129353233830846
0.1		1.3246268656716418
> assign400.txt | 07 April 2024, 17:50:33 | Seed=99939064011800396 | n=400
0		1.0
0.01		1.1616915422885572
0.02		1.144278606965174
0.03		1.2300995024875623
0.04		1.2475124378109452
0.05		1.3258706467661692
0.06		1.2649253731343284
0.07		1.373134328358209
0.08		1.3296019900497513
0.09		1.3308457711442787
0.1		1.5199004975124377
> assign400.txt | 07 April 2024, 17:50:41 | Seed=7027696147270804698 | n=400
0		1.0
0.01		1.1467661691542288
0.02		1.2338308457711442
0.03		1.25
0.04		1.271144278606965
0.05		1.228855721393035
0.06		1.3383084577114428
0.07		1.5534825870646767
0.08		1.3258706467661692
0.09		1.3644278606965174
0.1		1.421641791044776
> assign400.txt | 07 April 2024, 17:50:49 | Seed=7411679501936118084 | n=400
0		1.0
0.01		1.328358208955224
0.02		1.2313432835820894
0.03		1.2077114427860696
0.04		1.3818407960199004
0.05		1.2848258706467661
0.06		1.2972636815920398
0.07		1.3271144278606966
0.08		1.394278606965174
0.09		1.4228855721393034
0.1		1.3470149253731343
> assign400.txt | 07 April 2024, 17:50:56 | Seed=6247210607171103877 | n=400
0		1.0
0.01		1.2400497512437811
0.02		1.2549751243781095
0.03		1.1380597014925373
0.04		1.4328358208955223
0.05		1.4825870646766168
0.06		1.4514925373134329
0.07		1.355721393034826
0.08		1.3445273631840795
0.09		1.4427860696517414
0.1		1.4017412935323383
> assign400.txt | 07 April 2024, 17:51:04 | Seed=715749505615827589 | n=400
0		1.0
0.01		1.1380597014925373
0.02		1.2201492537313432
0.03		1.177860696517413
0.04		1.3519900497512438
0.05		1.3271144278606966
0.06		1.4154228855721394
0.07		1.3383084577114428
0.08		1.3893034825870647
0.09		1.455223880597015
0.1		1.359452736318408
> assign400.txt | 07 April 2024, 17:51:12 | Seed=503212800386973066 | n=400
0		1.0
0.01		1.199004975124378
0.02		1.1902985074626866
0.03		1.2450248756218905
0.04		1.2189054726368158
0.05		1.1803482587064678
0.06		1.3333333333333333
0.07		1.2649253731343284
0.08		1.2997512437810945
0.09		1.4987562189054726
0.1		1.3818407960199004
> assign400.txt | 07 April 2024, 17:51:20 | Seed=6937723650600647882 | n=400
0		1.0
0.01		1.1007462686567164
0.02		1.2251243781094527
0.03		1.2338308457711442
0.04		1.1554726368159205
0.05		1.1828358208955223
0.06		1.3171641791044777
0.07		1.2848258706467661
0.08		1.3333333333333333
0.09		1.4228855721393034
0.1		1.3681592039800996
> assign400.txt | 07 April 2024, 17:51:28 | Seed=7487203478673696465 | n=400
0		1.0
0.01		1.1691542288557213
0.02		1.236318407960199
0.03		1.195273631840796
0.04		1.2251243781094527
0.05		1.4029850746268657
0.06		1.3917910447761195
0.07		1.3718905472636815
0.08		1.407960199004975
0.09		1.4340796019900497
0.1		1.537313432835821
> assign400.txt | 07 April 2024, 17:51:36 | Seed=5852036743279041407 | n=400
0		1.0
0.01		1.13681592039801
0.02		1.1977611940298507
0.03		1.2810945273631842
0.04		1.3208955223880596
0.05		1.3171641791044777
0.06		1.2674129353233832
0.07		1.3072139303482586
0.08		1.3383084577114428
0.09		1.2810945273631842
0.1		1.3606965174129353
> assign400.txt | 07 April 2024, 17:51:44 | Seed=6410182276134804568 | n=400
0		1.0
0.01		1.2985074626865671
0.02		1.1467661691542288
0.03		1.4104477611940298
0.04		1.2101990049751243
0.05		1.2649253731343284
0.06		1.3980099502487562
0.07		1.2549751243781095
0.08		1.2338308457711442
0.09		1.550995024875622
0.1		1.5472636815920398
> assign400.txt | 07 April 2024, 17:51:52 | Seed=7498353048504947514 | n=400
0		1.0
0.01		1.1604477611940298
0.02		1.2624378109452736
0.03		1.195273631840796
0.04		1.3955223880597014
0.05		1.3308457711442787
0.06		1.3718905472636815
0.07		1.3669154228855722
0.08		1.4502487562189055
0.09		1.4838308457711442
0.1		1.3917910447761195
> assign400.txt | 07 April 2024, 17:52:00 | Seed=4595413589133040715 | n=400
0		1.0
0.01		1.287313432835821
0.02		1.2375621890547264
0.03		1.243781094527363
0.04		1.2960199004975124
0.05		1.3022388059701493
0.06		1.441542288557214
0.07		1.2611940298507462
0.08		1.537313432835821
0.09		1.3694029850746268
0.1		1.4253731343283582
> assign400.txt | 07 April 2024, 17:52:07 | Seed=5938609787205645008 | n=400
0		1.0
0.01		1.0982587064676617
0.02		1.2512437810945274
0.03		1.2524875621890548
0.04		1.287313432835821
0.05		1.2114427860696517
0.06		1.3320895522388059
0.07		1.5099502487562189
0.08		1.4651741293532339
0.09		1.493781094527363
0.1		1.349502487562189
> assign400.txt | 07 April 2024, 17:52:15 | Seed=29366123155998501 | n=400
0		1.0
0.01		1.1019900497512438
0.02		1.140547263681592
0.03		1.228855721393035
0.04		1.228855721393035
0.05		1.3296019900497513
0.06		1.3619402985074627
0.07		1.4092039800995024
0.08		1.4191542288557213
0.09		1.5746268656716418
0.1		1.3109452736318408
> assign400.txt | 07 April 2024, 17:52:23 | Seed=3303707212295979681 | n=400
0		1.0
0.01		1.1380597014925373
0.02		1.1803482587064678
0.03		1.2201492537313432
0.04		1.300995024875622
0.05		1.359452736318408
0.06		1.3706467661691542
0.07		1.271144278606965
0.08		1.3196517412935322
0.09		1.3432835820895523
0.1		1.3955223880597014
> assign400.txt | 07 April 2024, 17:52:31 | Seed=6981525761410015858 | n=400
0		1.0
0.01		1.1393034825870647
0.02		1.181592039800995
0.03		1.3681592039800996
0.04		1.1828358208955223
0.05		1.1927860696517414
0.06		1.3345771144278606
0.07		1.2810945273631842
0.08		1.359452736318408
0.09		1.3656716417910448
0.1		1.441542288557214
> assign400.txt | 07 April 2024, 17:52:39 | Seed=8171949614278033412 | n=400
0		1.0
0.01		1.0796019900497513
0.02		1.4054726368159205
0.03		1.2475124378109452
0.04		1.199004975124378
0.05		1.3208955223880596
0.06		1.322139303482587
0.07		1.4092039800995024
0.08		1.4514925373134329
0.09		1.4241293532338308
0.1		1.4179104477611941
> assign400.txt | 07 April 2024, 17:52:47 | Seed=3034965809624097478 | n=400
0		1.0
0.01		1.1567164179104477
0.02		1.3159203980099503
0.03		1.2002487562189055
0.04		1.3681592039800996
0.05		1.3955223880597014
0.06		1.208955223880597
0.07		1.318407960199005
0.08		1.4402985074626866
0.09		1.4888059701492538
0.1		1.3532338308457712
> assign500.txt | 07 April 2024, 17:53:02 | Seed=5629688496188513718 | n=500
0		1.0
0.01		1.182643794147326
0.02		1.2462159434914228
0.03		1.201816347124117
0.04		1.2452068617558023
0.05		1.315842583249243
0.06		1.2906155398587285
0.07		1.282542885973764
0.08		1.3592330978809284
0.09		1.3279515640766901
0.1		1.2714429868819375
> assign500.txt | 07 April 2024, 17:53:16 | Seed=7931314243069235348 | n=500
0		1.0
0.01		1.1866801210898084
0.02		1.2351160443995963
0.03		1.1856710393541876
0.04		1.2421796165489405
0.05		1.3047426841574168
0.06		1.2674066599394551
0.07		1.3057517658930373
0.08		1.2623612512613522
0.09		1.4339051463168517
0.1		1.289606458123108
> assign500.txt | 07 April 2024, 17:53:29 | Seed=7282458632107656062 | n=500
0		1.0
0.01		1.1180625630676084
0.02		1.0807265388496468
0.03		1.199798183652876
0.04		1.286579212916246
0.05		1.3239152371342078
0.06		1.3652875882946518
0.07		1.3229061553985872
0.08		1.325933400605449
0.09		1.3612512613521695
0.1		1.3592330978809284
> assign500.txt | 07 April 2024, 17:53:42 | Seed=5954900385700141973 | n=500
0		1.0
0.01		1.1029263370332998
0.02		1.2270433905146316
0.03		1.2694248234106962
0.04		1.272452068617558
0.05		1.2613521695257315
0.06		1.231079717457114
0.07		1.384460141271443
0.08		1.1977800201816347
0.09		1.427850655903128
0.1		1.3229061553985872
> assign500.txt | 07 April 2024, 17:53:55 | Seed=1149710446201368932 | n=500
0		1.0
0.01		1.1089808274470232
0.02		1.1523713420787083
0.03		1.1594349142280524
0.04		1.2048435923309788
0.05		1.3531786074672048
0.06		1.3218970736629667
0.07		1.24117053481332
0.08		1.2714429868819375
0.09		1.3249243188698285
0.1		1.3915237134207872
> assign500.txt | 07 April 2024, 17:54:08 | Seed=2012790549634110290 | n=500
0		1.0
0.01		1.1543895055499496
0.02		1.2068617558022199
0.03		1.2936427850655903
0.04		1.2401614530776992
0.05		1.229061553985873
0.06		1.2633703329969728
0.07		1.330978809283552
0.08		1.2512613521695257
0.09		1.3531786074672048
0.1		1.313824419778002
> assign500.txt | 07 April 2024, 17:54:21 | Seed=6209486078634014597 | n=500
0		1.0
0.01		1.119071644803229
0.02		1.1866801210898084
0.03		1.311806256306761
0.04		1.2583249243188699
0.05		1.2452068617558023
0.06		1.3128153380423815
0.07		1.2986881937436932
0.08		1.3612512613521695
0.09		1.3027245206861755
0.1		1.3329969727547932
> assign500.txt | 07 April 2024, 17:54:35 | Seed=4375073058820069451 | n=500
0		1.0
0.01		1.1301715438950555
0.02		1.1866801210898084
0.03		1.2391523713420787
0.04		1.318869828456105
0.05		1.3289606458123109
0.06		1.3350151362260343
0.07		1.2885973763874874
0.08		1.2785065590312816
0.09		1.2643794147325933
0.1		1.3097880928355197
> assign500.txt | 07 April 2024, 17:54:48 | Seed=2279309657326067838 | n=500
0		1.0
0.01		1.136226034308779
0.02		1.1987891019172554
0.03		1.2270433905146316
0.04		1.184661957618567
0.05		1.1836528758829465
0.06		1.2946518668012108
0.07		1.2633703329969728
0.08		1.2613521695257315
0.09		1.2976791120080726
0.1		1.3400605449041372
> assign500.txt | 07 April 2024, 17:55:01 | Seed=4592752567138265061 | n=500
0		1.0
0.01		1.2209889001009082
0.02		1.158425832492432
0.03		1.1927346115035318
0.04		1.2613521695257315
0.05		1.3481331987891019
0.06		1.2351160443995963
0.07		1.286579212916246
0.08		1.284561049445005
0.09		1.2351160443995963
0.1		1.3683148335015136
> assign500.txt | 07 April 2024, 17:55:14 | Seed=3528437333303452535 | n=500
0		1.0
0.01		1.1089808274470232
0.02		1.272452068617558
0.03		1.1806256306760847
0.04		1.2028254288597375
0.05		1.3370332996972756
0.06		1.2805247225025227
0.07		1.2613521695257315
0.08		1.355196770938446
0.09		1.2028254288597375
0.1		1.4096871846619576
> assign500.txt | 07 April 2024, 17:55:27 | Seed=7048613229051978319 | n=500
0		1.0
0.01		1.0908173562058527
0.02		1.2815338042381432
0.03		1.3047426841574168
0.04		1.2159434914228053
0.05		1.315842583249243
0.06		1.3329969727547932
0.07		1.3007063572149344
0.08		1.301715438950555
0.09		1.3652875882946518
0.1		1.3733602421796165
> assign500.txt | 07 April 2024, 17:55:40 | Seed=99939064011800396 | n=500
0		1.0
0.01		1.1745711402623613
0.02		1.2320887991927345
0.03		1.1786074672048437
0.04		1.2149344096871846
0.05		1.1675075681130171
0.06		1.41372351160444
0.07		1.3128153380423815
0.08		1.2795156407669022
0.09		1.3208879919273462
0.1		1.370332996972755
> assign500.txt | 07 April 2024, 17:55:53 | Seed=7027696147270804698 | n=500
0		1.0
0.01		1.194752774974773
0.02		1.1422805247225025
0.03		1.325933400605449
0.04		1.1786074672048437
0.05		1.2159434914228053
0.06		1.3007063572149344
0.07		1.39656912209889
0.08		1.384460141271443
0.09		1.3097880928355197
0.1		1.3632694248234107
> assign500.txt | 07 April 2024, 17:56:06 | Seed=7411679501936118084 | n=500
0		1.0
0.01		1.143289606458123
0.02		1.3218970736629667
0.03		1.1987891019172554
0.04		1.201816347124117
0.05		1.3229061553985872
0.06		1.231079717457114
0.07		1.3057517658930373
0.08		1.260343087790111
0.09		1.3027245206861755
0.1		1.3087790110998991
> assign500.txt | 07 April 2024, 17:56:20 | Seed=6247210607171103877 | n=500
0		1.0
0.01		1.1109989909182645
0.02		1.2179616548940464
0.03		1.1927346115035318
0.04		1.3249243188698285
0.05		1.2563067608476286
0.06		1.218970736629667
0.07		1.3592330978809284
0.08		1.260343087790111
0.09		1.341069626639758
0.1		1.343087790110999
> assign500.txt | 07 April 2024, 17:56:33 | Seed=715749505615827589 | n=500
0		1.0
0.01		1.1261352169525731
0.02		1.1755802219979818
0.03		1.2421796165489405
0.04		1.270433905146317
0.05		1.2785065590312816
0.06		1.3279515640766901
0.07		1.2694248234106962
0.08		1.3037336024217963
0.09		1.2684157416750756
0.1		1.3784056508577194
> assign500.txt | 07 April 2024, 17:56:47 | Seed=503212800386973066 | n=500
0		1.0
0.01		1.0918264379414733
0.02		1.1977800201816347
0.03		1.2542885973763875
0.04		1.255297679112008
0.05		1.2129162462159435
0.06		1.3148335015136225
0.07		1.2684157416750756
0.08		1.3985872855701311
0.09		1.3874873864783048
0.1		1.3531786074672048
> assign500.txt | 07 April 2024, 17:57:01 | Seed=6937723650600647882 | n=500
0		1.0
0.01		1.1735620585267406
0.02		1.2542885973763875
0.03		1.1160443995963674
0.04		1.2108980827447022
0.05		1.1967709384460141
0.06		1.3632694248234107
0.07		1.2785065590312816
0.08		1.286579212916246
0.09		1.2976791120080726
0.1		1.338042381432896
> assign500.txt | 07 April 2024, 17:57:14 | Seed=7487203478673696465 | n=500
0		1.0
0.01		1.1664984863773966
0.02		1.1271442986881937
0.03		1.1594349142280524
0.04		1.2633703329969728
0.05		1.3329969727547932
0.06		1.3168516649848638
0.07		1.3562058526740666
0.08		1.2795156407669022
0.09		1.289606458123108
0.1		1.289606458123108
> assign500.txt | 07 April 2024, 17:57:27 | Seed=5852036743279041407 | n=500
0		1.0
0.01		1.158425832492432
0.02		1.1594349142280524
0.03		1.2986881937436932
0.04		1.255297679112008
0.05		1.2754793138244198
0.06		1.2754793138244198
0.07		1.2371342078708376
0.08		1.2885973763874874
0.09		1.2633703329969728
0.1		1.374369323915237
> assign500.txt | 07 April 2024, 17:57:40 | Seed=6410182276134804568 | n=500
0		1.0
0.01		1.1735620585267406
0.02		1.2351160443995963
0.03		1.2230070635721493
0.04		1.2300706357214934
0.05		1.2663975782038346
0.06		1.2875882946518669
0.07		1.2734611503531785
0.08		1.318869828456105
0.09		1.3057517658930373
0.1		1.3794147325933401
> assign500.txt | 07 April 2024, 17:57:54 | Seed=7498353048504947514 | n=500
0		1.0
0.01		1.15539858728557
0.02		1.22401614530777
0.03		1.2764883955600403
0.04		1.2250252270433906
0.05		1.2351160443995963
0.06		1.2542885973763875
0.07		1.3420787083753785
0.08		1.3753784056508578
0.09		1.357214934409687
0.1		1.3622603430877902
> assign500.txt | 07 April 2024, 17:58:07 | Seed=4595413589133040715 | n=500
0		1.0
0.01		1.1977800201816347
0.02		1.1493440968718467
0.03		1.1059535822401614
0.04		1.3562058526740666
0.05		1.296670030272452
0.06		1.3218970736629667
0.07		1.2785065590312816
0.08		1.2795156407669022
0.09		1.2956609485368316
0.1		1.370332996972755
> assign500.txt | 07 April 2024, 17:58:20 | Seed=5938609787205645008 | n=500
0		1.0
0.01		1.1907164480322907
0.02		1.1331987891019173
0.03		1.1735620585267406
0.04		1.1987891019172554
0.05		1.3148335015136225
0.06		1.2573158425832491
0.07		1.299697275479314
0.08		1.4006054490413724
0.09		1.2795156407669022
0.1		1.2795156407669022
> assign500.txt | 07 April 2024, 17:58:33 | Seed=29366123155998501 | n=500
0		1.0
0.01		1.18970736629667
0.02		1.24117053481332
0.03		1.1695257315842584
0.04		1.3178607467204844
0.05		1.3400605449041372
0.06		1.3289606458123109
0.07		1.22401614530777
0.08		1.3067608476286579
0.09		1.357214934409687
0.1		1.22401614530777
> assign500.txt | 07 April 2024, 17:58:47 | Seed=3303707212295979681 | n=500
0		1.0
0.01		1.1453077699293643
0.02		1.2078708375378406
0.03		1.160443995963673
0.04		1.2209889001009082
0.05		1.2986881937436932
0.06		1.2492431886982847
0.07		1.2795156407669022
0.08		1.211907164480323
0.09		1.2341069626639758
0.1		1.4177598385469223
> assign500.txt | 07 April 2024, 17:59:00 | Seed=6981525761410015858 | n=500
0		1.0
0.01		1.1755802219979818
0.02		1.1675075681130171
0.03		1.2744702320887993
0.04		1.2633703329969728
0.05		1.2744702320887993
0.06		1.289606458123108
0.07		1.2219979818365287
0.08		1.4106962663975782
0.09		1.2502522704339052
0.1		1.3582240161453079
> assign500.txt | 07 April 2024, 17:59:14 | Seed=8171949614278033412 | n=500
0		1.0
0.01		1.2795156407669022
0.02		1.2522704339051463
0.03		1.2643794147325933
0.04		1.2068617558022199
0.05		1.2744702320887993
0.06		1.3491422805247224
0.07		1.299697275479314
0.08		1.3390514631685166
0.09		1.2058526740665994
0.1		1.3905146316851664
> assign500.txt | 07 April 2024, 17:59:27 | Seed=3034965809624097478 | n=500
0		1.0
0.01		1.158425832492432
0.02		1.2613521695257315
0.03		1.2916246215943492
0.04		1.2623612512613522
0.05		1.2230070635721493
0.06		1.3471241170534813
0.07		1.315842583249243
0.08		1.2573158425832491
0.09		1.3481331987891019
0.1		1.457114026236125
> assign600.txt | 07 April 2024, 17:59:53 | Seed=5629688496188513718 | n=600
0		1.0
0.01		1.2142857142857142
0.02		1.1420068027210883
0.03		1.2474489795918366
0.04		1.2185374149659864
0.05		1.191326530612245
0.06		1.2253401360544218
0.07		1.217687074829932
0.08		1.3954081632653061
0.09		1.2653061224489797
0.1		1.3018707482993197
> assign600.txt | 07 April 2024, 18:00:13 | Seed=7931314243069235348 | n=600
0		1.0
0.01		1.1743197278911566
0.02		1.1437074829931972
0.03		1.1972789115646258
0.04		1.2006802721088434
0.05		1.2653061224489797
0.06		1.2738095238095237
0.07		1.2916666666666667
0.08		1.2789115646258504
0.09		1.308673469387755
0.1		1.2746598639455782
> assign600.txt | 07 April 2024, 18:00:33 | Seed=7282458632107656062 | n=600
0		1.0
0.01		1.0578231292517006
0.02		1.163265306122449
0.03		1.1164965986394557
0.04		1.1649659863945578
0.05		1.2406462585034013
0.06		1.1862244897959184
0.07		1.2814625850340136
0.08		1.3843537414965987
0.09		1.2627551020408163
0.1		1.254251700680272
> assign600.txt | 07 April 2024, 18:00:52 | Seed=5954900385700141973 | n=600
0		1.0
0.01		1.1139455782312926
0.02		1.1054421768707483
0.03		1.2151360544217686
0.04		1.245748299319728
0.05		1.2857142857142858
0.06		1.2304421768707483
0.07		1.2746598639455782
0.08		1.2210884353741496
0.09		1.280612244897959
0.1		1.2270408163265305
> assign600.txt | 07 April 2024, 18:01:11 | Seed=1149710446201368932 | n=600
0		1.0
0.01		1.0816326530612246
0.02		1.130952380952381
0.03		1.1649659863945578
0.04		1.2006802721088434
0.05		1.2950680272108843
0.06		1.3069727891156462
0.07		1.2168367346938775
0.08		1.314625850340136
0.09		1.3307823129251701
0.1		1.2610544217687074
> assign600.txt | 07 April 2024, 18:01:31 | Seed=2012790549634110290 | n=600
0		1.0
0.01		1.1641156462585034
0.02		1.195578231292517
0.03		1.163265306122449
0.04		1.2933673469387754
0.05		1.3341836734693877
0.06		1.2993197278911566
0.07		1.2593537414965987
0.08		1.2746598639455782
0.09		1.310374149659864
0.1		1.2610544217687074
> assign600.txt | 07 April 2024, 18:01:51 | Seed=6209486078634014597 | n=600
0		1.0
0.01		1.0595238095238095
0.02		1.125
0.03		1.1998299319727892
0.04		1.2508503401360545
0.05		1.179421768707483
0.06		1.2916666666666667
0.07		1.2712585034013606
0.08		1.2534013605442176
0.09		1.2933673469387754
0.1		1.3222789115646258
> assign600.txt | 07 April 2024, 18:02:10 | Seed=4375073058820069451 | n=600
0		1.0
0.01		1.1411564625850341
0.02		1.191326530612245
0.03		1.2151360544217686
0.04		1.1522108843537415
0.05		1.215986394557823
0.06		1.2814625850340136
0.07		1.3477891156462585
0.08		1.2619047619047619
0.09		1.2185374149659864
0.1		1.3018707482993197
> assign600.txt | 07 April 2024, 18:02:31 | Seed=2279309657326067838 | n=600
0		1.0
0.01		1.1105442176870748
0.02		1.1335034013605443
0.03		1.2100340136054422
0.04		1.2321428571428572
0.05		1.2993197278911566
0.06		1.217687074829932
0.07		1.3214285714285714
0.08		1.2976190476190477
0.09		1.288265306122449
0.1		1.2585034013605443
> assign600.txt | 07 April 2024, 18:02:52 | Seed=4592752567138265061 | n=600
0		1.0
0.01		1.1811224489795917
0.02		1.1811224489795917
0.03		1.223639455782313
0.04		1.2151360544217686
0.05		1.1887755102040816
0.06		1.2312925170068028
0.07		1.2091836734693877
0.08		1.2857142857142858
0.09		1.2576530612244898
0.1		1.3418367346938775
> assign600.txt | 07 April 2024, 18:03:14 | Seed=3528437333303452535 | n=600
0		1.0
0.01		1.1760204081632653
0.02		1.1998299319727892
0.03		1.2755102040816326
0.04		1.1785714285714286
0.05		1.2185374149659864
0.06		1.3435374149659864
0.07		1.3069727891156462
0.08		1.2534013605442176
0.09		1.3120748299319729
0.1		1.284013605442177
> assign600.txt | 07 April 2024, 18:03:36 | Seed=7048613229051978319 | n=600
0		1.0
0.01		1.155612244897959
0.02		1.2032312925170068
0.03		1.1488095238095237
0.04		1.276360544217687
0.05		1.2772108843537415
0.06		1.2925170068027212
0.07		1.1768707482993197
0.08		1.215986394557823
0.09		1.223639455782313
0.1		1.2950680272108843
> assign600.txt | 07 April 2024, 18:03:55 | Seed=99939064011800396 | n=600
0		1.0
0.01		1.1904761904761905
0.02		1.1624149659863945
0.03		1.1879251700680271
0.04		1.2653061224489797
0.05		1.1734693877551021
0.06		1.2874149659863945
0.07		1.2848639455782314
0.08		1.385204081632653
0.09		1.2448979591836735
0.1		1.2984693877551021
> assign600.txt | 07 April 2024, 18:04:14 | Seed=7027696147270804698 | n=600
0		1.0
0.01		1.1054421768707483
0.02		1.1062925170068028
0.03		1.2619047619047619
0.04		1.2066326530612246
0.05		1.2585034013605443
0.06		1.348639455782313
0.07		1.2695578231292517
0.08		1.2380952380952381
0.09		1.2984693877551021
0.1		1.3681972789115646
> assign600.txt | 07 April 2024, 18:04:34 | Seed=7411679501936118084 | n=600
0		1.0
0.01		1.1181972789115646
0.02		1.1386054421768708
0.03		1.2704081632653061
0.04		1.1113945578231292
0.05		1.2040816326530612
0.06		1.3248299319727892
0.07		1.3265306122448979
0.08		1.278061224489796
0.09		1.2091836734693877
0.1		1.2933673469387754
> assign600.txt | 07 April 2024, 18:04:55 | Seed=6247210607171103877 | n=600
0		1.0
0.01		1.2023809523809523
0.02		1.2091836734693877
0.03		1.1411564625850341
0.04		1.2534013605442176
0.05		1.1904761904761905
0.06		1.2202380952380953
0.07		1.3316326530612246
0.08		1.2023809523809523
0.09		1.2321428571428572
0.1		1.254251700680272
> assign600.txt | 07 April 2024, 18:05:16 | Seed=715749505615827589 | n=600
0		1.0
0.01		1.092687074829932
0.02		1.2066326530612246
0.03		1.2312925170068028
0.04		1.288265306122449
0.05		1.1428571428571428
0.06		1.189625850340136
0.07		1.2729591836734695
0.08		1.1964285714285714
0.09		1.3418367346938775
0.1		1.2746598639455782
> assign600.txt | 07 April 2024, 18:05:37 | Seed=503212800386973066 | n=600
0		1.0
0.01		1.1284013605442176
0.02		1.223639455782313
0.03		1.1802721088435375
0.04		1.1989795918367347
0.05		1.2346938775510203
0.06		1.2789115646258504
0.07		1.2151360544217686
0.08		1.219387755102041
0.09		1.3001700680272108
0.1		1.2389455782312926
> assign600.txt | 07 April 2024, 18:05:56 | Seed=6937723650600647882 | n=600
0		1.0
0.01		1.0952380952380953
0.02		1.2261904761904763
0.03		1.1768707482993197
0.04		1.2074829931972788
0.05		1.2363945578231292
0.06		1.2585034013605443
0.07		1.3052721088435375
0.08		1.3001700680272108
0.09		1.248299319727891
0.1		1.2704081632653061
> assign600.txt | 07 April 2024, 18:06:16 | Seed=7487203478673696465 | n=600
0		1.0
0.01		1.1326530612244898
0.02		1.1326530612244898
0.03		1.2406462585034013
0.04		1.2848639455782314
0.05		1.2678571428571428
0.06		1.3350340136054422
0.07		1.1964285714285714
0.08		1.310374149659864
0.09		1.3333333333333333
0.1		1.2227891156462585
> assign600.txt | 07 April 2024, 18:06:36 | Seed=5852036743279041407 | n=600
0		1.0
0.01		1.1113945578231292
0.02		1.1768707482993197
0.03		1.2491496598639455
0.04		1.1547619047619047
0.05		1.2950680272108843
0.06		1.2202380952380953
0.07		1.2704081632653061
0.08		1.3171768707482994
0.09		1.3494897959183674
0.1		1.3630952380952381
> assign600.txt | 07 April 2024, 18:06:56 | Seed=6410182276134804568 | n=600
0		1.0
0.01		1.0739795918367347
0.02		1.1496598639455782
0.03		1.2312925170068028
0.04		1.2712585034013606
0.05		1.2797619047619047
0.06		1.2984693877551021
0.07		1.2142857142857142
0.08		1.320578231292517
0.09		1.2576530612244898
0.1		1.3477891156462585
> assign600.txt | 07 April 2024, 18:07:16 | Seed=7498353048504947514 | n=600
0		1.0
0.01		1.064625850340136
0.02		1.159013605442177
0.03		1.2414965986394557
0.04		1.2423469387755102
0.05		1.2508503401360545
0.06		1.2755102040816326
0.07		1.2202380952380953
0.08		1.308673469387755
0.09		1.2797619047619047
0.1		1.2355442176870748
> assign600.txt | 07 April 2024, 18:07:37 | Seed=4595413589133040715 | n=600
0		1.0
0.01		1.1241496598639455
0.02		1.1377551020408163
0.03		1.2312925170068028
0.04		1.1811224489795917
0.05		1.211734693877551
0.06		1.3265306122448979
0.07		1.2661564625850341
0.08		1.3112244897959184
0.09		1.3010204081632653
0.1		1.3001700680272108
> assign600.txt | 07 April 2024, 18:08:01 | Seed=5938609787205645008 | n=600
0		1.0
0.01		1.1420068027210883
0.02		1.1564625850340136
0.03		1.2678571428571428
0.04		1.2006802721088434
0.05		1.1998299319727892
0.06		1.2491496598639455
0.07		1.248299319727891
0.08		1.1972789115646258
0.09		1.3613945578231292
0.1		1.2363945578231292
> assign600.txt | 07 April 2024, 18:08:21 | Seed=29366123155998501 | n=600
0		1.0
0.01		1.0816326530612246
0.02		1.1785714285714286
0.03		1.1879251700680271
0.04		1.2661564625850341
0.05		1.2465986394557824
0.06		1.254251700680272
0.07		1.215986394557823
0.08		1.379251700680272
0.09		1.2899659863945578
0.1		1.254251700680272
> assign600.txt | 07 April 2024, 18:08:44 | Seed=3303707212295979681 | n=600
0		1.0
0.01		1.129251700680272
0.02		1.090986394557823
0.03		1.2695578231292517
0.04		1.163265306122449
0.05		1.28656462585034
0.06		1.276360544217687
0.07		1.2593537414965987
0.08		1.2508503401360545
0.09		1.2363945578231292
0.1		1.4481292517006803
> assign600.txt | 07 April 2024, 18:09:05 | Seed=6981525761410015858 | n=600
0		1.0
0.01		1.0620748299319729
0.02		1.1887755102040816
0.03		1.2083333333333333
0.04		1.1479591836734695
0.05		1.2244897959183674
0.06		1.379251700680272
0.07		1.2848639455782314
0.08		1.272108843537415
0.09		1.2295918367346939
0.1		1.3656462585034013
> assign600.txt | 07 April 2024, 18:09:26 | Seed=8171949614278033412 | n=600
0		1.0
0.01		1.1564625850340136
0.02		1.1743197278911566
0.03		1.2738095238095237
0.04		1.336734693877551
0.05		1.2321428571428572
0.06		1.2585034013605443
0.07		1.254251700680272
0.08		1.2304421768707483
0.09		1.2474489795918366
0.1		1.3324829931972788
> assign600.txt | 07 April 2024, 18:09:49 | Seed=3034965809624097478 | n=600
0		1.0
0.01		1.1301020408163265
0.02		1.1241496598639455
0.03		1.1624149659863945
0.04		1.2270408163265305
0.05		1.2797619047619047
0.06		1.3078231292517006
0.07		1.320578231292517
0.08		1.3120748299319729
0.09		1.2049319727891157
0.1		1.244047619047619
> assign700.txt | 07 April 2024, 18:10:34 | Seed=5629688496188513718 | n=700
0		1.0
0.01		1.1938325991189427
0.02		1.0969162995594715
0.03		1.1350954478707782
0.04		1.2283406754772395
0.05		1.209985315712188
0.06		1.222466960352423
0.07		1.209985315712188
0.08		1.2782672540381792
0.09		1.223201174743025
0.1		1.277533039647577
> assign700.txt | 07 April 2024, 18:11:07 | Seed=7931314243069235348 | n=700
0		1.0
0.01		1.196035242290749
0.02		1.1519823788546255
0.03		1.155653450807636
0.04		1.1490455212922173
0.05		1.1549192364170338
0.06		1.2327459618208516
0.07		1.2217327459618208
0.08		1.1997063142437592
0.09		1.2041116005873715
0.1		1.290014684287812
> assign700.txt | 07 April 2024, 18:11:40 | Seed=7282458632107656062 | n=700
0		1.0
0.01		1.223935389133627
0.02		1.1747430249632893
0.03		1.1791483113069017
0.04		1.1945668135095449
0.05		1.1659324522760646
0.06		1.2019089574155652
0.07		1.2474302496328928
0.08		1.2533039647577093
0.09		1.169603524229075
0.1		1.2694566813509545
> assign700.txt | 07 April 2024, 18:12:11 | Seed=5954900385700141973 | n=700
0		1.0
0.01		1.236417033773862
0.02		1.1138032305433188
0.03		1.1563876651982379
0.04		1.1483113069016153
0.05		1.2804698972099853
0.06		1.2709251101321586
0.07		1.1857562408223201
0.08		1.2114537444933922
0.09		1.2180616740088106
0.1		1.183553597650514
> assign700.txt | 07 April 2024, 18:12:42 | Seed=1149710446201368932 | n=700
0		1.0
0.01		1.0903083700440528
0.02		1.1226138032305433
0.03		1.1622613803230544
0.04		1.2283406754772395
0.05		1.2063142437591776
0.06		1.224669603524229
0.07		1.2826725403817916
0.08		1.2437591776798824
0.09		1.2863436123348018
0.1		1.2393538913362703
> assign700.txt | 07 April 2024, 18:13:13 | Seed=2012790549634110290 | n=700
0		1.0
0.01		1.1101321585903083
0.02		1.1299559471365639
0.03		1.2063142437591776
0.04		1.2591776798825256
0.05		1.2187958883994126
0.06		1.209985315712188
0.07		1.2834067547723935
0.08		1.2599118942731278
0.09		1.2870778267254037
0.1		1.28928046989721
> assign700.txt | 07 April 2024, 18:13:43 | Seed=6209486078634014597 | n=700
0		1.0
0.01		1.0741556534508077
0.02		1.1027900146842877
0.03		1.1784140969162995
0.04		1.2606461086637297
0.05		1.1806167400881058
0.06		1.171071953010279
0.07		1.237151248164464
0.08		1.2320117474302497
0.09		1.2951541850220265
0.1		1.3054331864904551
> assign700.txt | 07 April 2024, 18:14:14 | Seed=4375073058820069451 | n=700
0		1.0
0.01		1.0712187958883994
0.02		1.1519823788546255
0.03		1.1930983847283407
0.04		1.1637298091042585
0.05		1.2151248164464024
0.06		1.238619676945668
0.07		1.2745961820851688
0.08		1.2569750367107195
0.09		1.2048458149779735
0.1		1.2261380323054332
> assign700.txt | 07 April 2024, 18:14:44 | Seed=2279309657326067838 | n=700
0		1.0
0.01		1.0587371512481645
0.02		1.1417033773861969
0.03		1.1894273127753303
0.04		1.2173274596182084
0.05		1.248898678414097
0.06		1.2687224669603525
0.07		1.196769456681351
0.08		1.2577092511013215
0.09		1.261380323054332
0.1		1.2547723935389135
> assign700.txt | 07 April 2024, 18:15:14 | Seed=4592752567138265061 | n=700
0		1.0
0.01		1.0873715124816445
0.02		1.1791483113069017
0.03		1.1901615271659325
0.04		1.1593245227606461
0.05		1.2723935389133627
0.06		1.236417033773862
0.07		1.209985315712188
0.08		1.2540381791483113
0.09		1.2907488986784141
0.1		1.3612334801762114
> assign700.txt | 07 April 2024, 18:15:44 | Seed=3528437333303452535 | n=700
0		1.0
0.01		1.1116005873715125
0.02		1.170337738619677
0.03		1.1806167400881058
0.04		1.2209985315712188
0.05		1.2114537444933922
0.06		1.2209985315712188
0.07		1.2041116005873715
0.08		1.2415565345080763
0.09		1.2958883994126285
0.1		1.2466960352422907
> assign700.txt | 07 April 2024, 18:16:15 | Seed=7048613229051978319 | n=700
0		1.0
0.01		1.1527165932452277
0.02		1.197503671071953
0.03		1.1071953010279
0.04		1.1923641703377386
0.05		1.1681350954478709
0.06		1.290014684287812
0.07		1.2334801762114538
0.08		1.2180616740088106
0.09		1.3186490455212923
0.1		1.2459618208516887
> assign700.txt | 07 April 2024, 18:16:46 | Seed=99939064011800396 | n=700
0		1.0
0.01		1.0969162995594715
0.02		1.117474302496329
0.03		1.1549192364170338
0.04		1.2665198237885462
0.05		1.2444933920704846
0.06		1.2209985315712188
0.07		1.212187958883994
0.08		1.2856093979441998
0.09		1.2863436123348018
0.1		1.238619676945668
> assign700.txt | 07 April 2024, 18:17:16 | Seed=7027696147270804698 | n=700
0		1.0
0.01		1.1204111600587372
0.02		1.1615271659324522
0.03		1.2276064610866373
0.04		1.1688693098384728
0.05		1.209985315712188
0.06		1.2019089574155652
0.07		1.171071953010279
0.08		1.2437591776798824
0.09		1.2694566813509545
0.1		1.2356828193832599
> assign700.txt | 07 April 2024, 18:17:46 | Seed=7411679501936118084 | n=700
0		1.0
0.01		1.1637298091042585
0.02		1.196035242290749
0.03		1.1938325991189427
0.04		1.1527165932452277
0.05		1.1637298091042585
0.06		1.313509544787078
0.07		1.223201174743025
0.08		1.2812041116005874
0.09		1.1872246696035242
0.1		1.3076358296622614
> assign700.txt | 07 April 2024, 18:18:16 | Seed=6247210607171103877 | n=700
0		1.0
0.01		1.1108663729809105
0.02		1.1240822320117474
0.03		1.1306901615271658
0.04		1.2004405286343611
0.05		1.2606461086637297
0.06		1.1989720998531572
0.07		1.2393538913362703
0.08		1.1732745961820852
0.09		1.3113069016152716
0.1		1.2136563876651982
> assign700.txt | 07 April 2024, 18:18:45 | Seed=715749505615827589 | n=700
0		1.0
0.01		1.1395007342143906
0.02		1.157856093979442
0.03		1.1541850220264318
0.04		1.2723935389133627
0.05		1.1637298091042585
0.06		1.2547723935389135
0.07		1.2525697503671072
0.08		1.2408223201174744
0.09		1.2723935389133627
0.1		1.2584434654919237
> assign700.txt | 07 April 2024, 18:19:16 | Seed=503212800386973066 | n=700
0		1.0
0.01		1.1101321585903083
0.02		1.2070484581497798
0.03		1.1997063142437592
0.04		1.2687224669603525
0.05		1.2114537444933922
0.06		1.3245227606461087
0.07		1.2393538913362703
0.08		1.209985315712188
0.09		1.2342143906020557
0.1		1.2320117474302497
> assign700.txt | 07 April 2024, 18:19:45 | Seed=6937723650600647882 | n=700
0		1.0
0.01		1.1064610866372981
0.02		1.1894273127753303
0.03		1.2048458149779735
0.04		1.2019089574155652
0.05		1.2562408223201176
0.06		1.2804698972099853
0.07		1.1204111600587372
0.08		1.2907488986784141
0.09		1.2268722466960353
0.1		1.3069016152716593
> assign700.txt | 07 April 2024, 18:20:14 | Seed=7487203478673696465 | n=700
0		1.0
0.01		1.1776798825256976
0.02		1.1879588839941262
0.03		1.1372980910425845
0.04		1.1930983847283407
0.05		1.2290748898678414
0.06		1.186490455212922
0.07		1.2591776798825256
0.08		1.301762114537445
0.09		1.2606461086637297
0.1		1.2518355359765052
> assign700.txt | 07 April 2024, 18:20:44 | Seed=5852036743279041407 | n=700
0		1.0
0.01		1.1152716593245227
0.02		1.172540381791483
0.03		1.208516886930984
0.04		1.2474302496328928
0.05		1.2584434654919237
0.06		1.248898678414097
0.07		1.2334801762114538
0.08		1.2356828193832599
0.09		1.3113069016152716
0.1		1.234948604992658
> assign700.txt | 07 April 2024, 18:21:13 | Seed=6410182276134804568 | n=700
0		1.0
0.01		1.1431718061674008
0.02		1.198237885462555
0.03		1.1593245227606461
0.04		1.145374449339207
0.05		1.1674008810572687
0.06		1.2393538913362703
0.07		1.2599118942731278
0.08		1.1659324522760646
0.09		1.2415565345080763
0.1		1.223935389133627
> assign700.txt | 07 April 2024, 18:21:42 | Seed=7498353048504947514 | n=700
0		1.0
0.01		1.0726872246696035
0.02		1.1688693098384728
0.03		1.1886930983847284
0.04		1.2129221732745963
0.05		1.2136563876651982
0.06		1.265051395007342
0.07		1.3002936857562408
0.08		1.2452276064610865
0.09		1.1953010279001468
0.1		1.2540381791483113
> assign700.txt | 07 April 2024, 18:22:11 | Seed=4595413589133040715 | n=700
0		1.0
0.01		1.1101321585903083
0.02		1.1395007342143906
0.03		1.133627019089574
0.04		1.2261380323054332
0.05		1.1872246696035242
0.06		1.2283406754772395
0.07		1.2665198237885462
0.08		1.2922173274596183
0.09		1.2195301027900147
0.1		1.222466960352423
> assign700.txt | 07 April 2024, 18:22:40 | Seed=5938609787205645008 | n=700
0		1.0
0.01		1.1343612334801763
0.02		1.1828193832599119
0.03		1.2819383259911894
0.04		1.2180616740088106
0.05		1.2540381791483113
0.06		1.196769456681351
0.07		1.2709251101321586
0.08		1.2283406754772395
0.09		1.2077826725403817
0.1		1.2268722466960353
> assign700.txt | 07 April 2024, 18:23:09 | Seed=29366123155998501 | n=700
0		1.0
0.01		1.1071953010279
0.02		1.1593245227606461
0.03		1.169603524229075
0.04		1.1754772393538913
0.05		1.223935389133627
0.06		1.224669603524229
0.07		1.1387665198237886
0.08		1.223935389133627
0.09		1.2518355359765052
0.1		1.2055800293685757
> assign700.txt | 07 April 2024, 18:23:38 | Seed=3303707212295979681 | n=700
0		1.0
0.01		1.10352422907489
0.02		1.208516886930984
0.03		1.222466960352423
0.04		1.2033773861967694
0.05		1.160058737151248
0.06		1.2819383259911894
0.07		1.183553597650514
0.08		1.303230543318649
0.09		1.2481644640234948
0.1		1.2437591776798824
> assign700.txt | 07 April 2024, 18:24:07 | Seed=6981525761410015858 | n=700
0		1.0
0.01		1.079295154185022
0.02		1.1798825256975036
0.03		1.234948604992658
0.04		1.1857562408223201
0.05		1.1894273127753303
0.06		1.263582966226138
0.07		1.2481644640234948
0.08		1.2026431718061674
0.09		1.2606461086637297
0.1		1.275330396475771
> assign700.txt | 07 April 2024, 18:24:36 | Seed=8171949614278033412 | n=700
0		1.0
0.01		1.0726872246696035
0.02		1.1284875183553598
0.03		1.2033773861967694
0.04		1.2342143906020557
0.05		1.212187958883994
0.06		1.234948604992658
0.07		1.2136563876651982
0.08		1.2430249632892805
0.09		1.2555066079295154
0.1		1.3267254038179148
> assign700.txt | 07 April 2024, 18:25:05 | Seed=3034965809624097478 | n=700
0		1.0
0.01		1.1365638766519823
0.02		1.1116005873715125
0.03		1.1483113069016153
0.04		1.1828193832599119
0.05		1.1519823788546255
0.06		1.2276064610866373
0.07		1.2327459618208516
0.08		1.2555066079295154
0.09		1.1607929515418502
0.1		1.276798825256975
> assign800.txt | 07 April 2024, 18:26:06 | Seed=5629688496188513718 | n=800
0		1.0
0.01		1.094716494845361
0.02		1.160438144329897
0.03		1.1739690721649485
0.04		1.1591494845360826
0.05		1.2306701030927836
0.06		1.226159793814433
0.07		1.190721649484536
0.08		1.2139175257731958
0.09		1.2242268041237114
0.1		1.2016752577319587
> assign800.txt | 07 April 2024, 18:26:46 | Seed=7931314243069235348 | n=800
0		1.0
0.01		1.110180412371134
0.02		1.2480670103092784
0.03		1.2184278350515463
0.04		1.193298969072165
0.05		1.175257731958763
0.06		1.2248711340206186
0.07		1.1939432989690721
0.08		1.2474226804123711
0.09		1.2828608247422681
0.1		1.2293814432989691
> assign800.txt | 07 April 2024, 18:27:24 | Seed=7282458632107656062 | n=800
0		1.0
0.01		1.1243556701030928
0.02		1.097938144329897
0.03		1.1759020618556701
0.04		1.1507731958762886
0.05		1.208762886597938
0.06		1.1778350515463918
0.07		1.2210051546391754
0.08		1.2074742268041236
0.09		1.2081185567010309
0.1		1.1990979381443299
> assign800.txt | 07 April 2024, 18:28:02 | Seed=5954900385700141973 | n=800
0		1.0
0.01		1.1204896907216495
0.02		1.134020618556701
0.03		1.1475515463917525
0.04		1.2435567010309279
0.05		1.1875
0.06		1.2744845360824741
0.07		1.148840206185567
0.08		1.2016752577319587
0.09		1.2300257731958764
0.1		1.2210051546391754
> assign800.txt | 07 April 2024, 18:28:42 | Seed=1149710446201368932 | n=800
0		1.0
0.01		1.119201030927835
0.02		1.1559278350515463
0.03		1.244201030927835
0.04		1.1707474226804124
0.05		1.137242268041237
0.06		1.1894329896907216
0.07		1.244201030927835
0.08		1.202319587628866
0.09		1.228737113402062
0.1		1.2242268041237114
> assign800.txt | 07 April 2024, 18:29:21 | Seed=2012790549634110290 | n=800
0		1.0
0.01		1.0934278350515463
0.02		1.1391752577319587
0.03		1.139819587628866
0.04		1.172680412371134
0.05		1.1984536082474226
0.06		1.2300257731958764
0.07		1.1733247422680413
0.08		1.2081185567010309
0.09		1.271262886597938
0.1		1.2061855670103092
> assign800.txt | 07 April 2024, 18:30:02 | Seed=6209486078634014597 | n=800
0		1.0
0.01		1.0721649484536082
0.02		1.101159793814433
0.03		1.0831185567010309
0.04		1.2326030927835052
0.05		1.1887886597938144
0.06		1.1146907216494846
0.07		1.2815721649484537
0.08		1.219716494845361
0.09		1.208762886597938
0.1		1.2480670103092784
> assign800.txt | 07 April 2024, 18:30:42 | Seed=4375073058820069451 | n=800
0		1.0
0.01		1.134020618556701
0.02		1.2003865979381443
0.03		1.1024484536082475
0.04		1.1333762886597938
0.05		1.2300257731958764
0.06		1.2545103092783505
0.07		1.2332474226804124
0.08		1.2222938144329898
0.09		1.2016752577319587
0.1		1.1945876288659794
> assign800.txt | 07 April 2024, 18:31:21 | Seed=2279309657326067838 | n=800
0		1.0
0.01		1.092783505154639
0.02		1.1423969072164948
0.03		1.1939432989690721
0.04		1.259020618556701
0.05		1.1887886597938144
0.06		1.1868556701030928
0.07		1.2152061855670102
0.08		1.2036082474226804
0.09		1.2487113402061856
0.1		1.2029639175257731
> assign800.txt | 07 April 2024, 18:32:01 | Seed=4592752567138265061 | n=800
0		1.0
0.01		1.071520618556701
0.02		1.1301546391752577
0.03		1.148840206185567
0.04		1.178479381443299
0.05		1.2081185567010309
0.06		1.1868556701030928
0.07		1.181701030927835
0.08		1.2815721649484537
0.09		1.1971649484536082
0.1		1.2210051546391754
> assign800.txt | 07 April 2024, 18:32:39 | Seed=3528437333303452535 | n=800
0		1.0
0.01		1.023840206185567
0.02		1.1746134020618557
0.03		1.196520618556701
0.04		1.178479381443299
0.05		1.231958762886598
0.06		1.1701030927835052
0.07		1.1810567010309279
0.08		1.2081185567010309
0.09		1.1675257731958764
0.1		1.2048969072164948
> assign800.txt | 07 April 2024, 18:33:18 | Seed=7048613229051978319 | n=800
0		1.0
0.01		1.106958762886598
0.02		1.106958762886598
0.03		1.1179123711340206
0.04		1.184278350515464
0.05		1.2081185567010309
0.06		1.1436855670103092
0.07		1.222938144329897
0.08		1.1836340206185567
0.09		1.2274484536082475
0.1		1.2048969072164948
> assign800.txt | 07 April 2024, 18:33:57 | Seed=99939064011800396 | n=800
0		1.0
0.01		1.125
0.02		1.1681701030927836
0.03		1.1404639175257731
0.04		1.1643041237113403
0.05		1.1829896907216495
0.06		1.1746134020618557
0.07		1.2139175257731958
0.08		1.300257731958763
0.09		1.1978092783505154
0.1		1.1875
> assign800.txt | 07 April 2024, 18:34:36 | Seed=7027696147270804698 | n=800
0		1.0
0.01		1.1050257731958764
0.02		1.1739690721649485
0.03		1.2190721649484537
0.04		1.169458762886598
0.05		1.1655927835051547
0.06		1.1707474226804124
0.07		1.2036082474226804
0.08		1.2126288659793814
0.09		1.217783505154639
0.1		1.2777061855670102
> assign800.txt | 07 April 2024, 18:35:15 | Seed=7411679501936118084 | n=800
0		1.0
0.01		1.1018041237113403
0.02		1.106958762886598
0.03		1.1881443298969072
0.04		1.157216494845361
0.05		1.2042525773195876
0.06		1.246778350515464
0.07		1.2384020618556701
0.08		1.2280927835051547
0.09		1.2313144329896908
0.1		1.2126288659793814
> assign800.txt | 07 April 2024, 18:35:54 | Seed=6247210607171103877 | n=800
0		1.0
0.01		1.0953608247422681
0.02		1.2210051546391754
0.03		1.1759020618556701
0.04		1.2132731958762886
0.05		1.1862113402061856
0.06		1.1288659793814433
0.07		1.2300257731958764
0.08		1.2551546391752577
0.09		1.217783505154639
0.1		1.208762886597938
> assign800.txt | 07 April 2024, 18:36:33 | Seed=715749505615827589 | n=800
0		1.0
0.01		1.097938144329897
0.02		1.157216494845361
0.03		1.1771907216494846
0.04		1.205541237113402
0.05		1.143041237113402
0.06		1.181701030927835
0.07		1.2487113402061856
0.08		1.1578608247422681
0.09		1.2268041237113403
0.1		1.1810567010309279
> assign800.txt | 07 April 2024, 18:37:12 | Seed=503212800386973066 | n=800
0		1.0
0.01		1.1198453608247423
0.02		1.1984536082474226
0.03		1.1591494845360826
0.04		1.2274484536082475
0.05		1.1701030927835052
0.06		1.1791237113402062
0.07		1.1913659793814433
0.08		1.219716494845361
0.09		1.259020618556701
0.1		1.2777061855670102
> assign800.txt | 07 April 2024, 18:37:51 | Seed=6937723650600647882 | n=800
0		1.0
0.01		1.0341494845360826
0.02		1.1701030927835052
0.03		1.1501288659793814
0.04		1.214561855670103
0.05		1.1849226804123711
0.06		1.1952319587628866
0.07		1.1920103092783505
0.08		1.2867268041237114
0.09		1.318298969072165
0.1		1.2268041237113403
> assign800.txt | 07 April 2024, 18:38:30 | Seed=7487203478673696465 | n=800
0		1.0
0.01		1.1688144329896908
0.02		1.1713917525773196
0.03		1.1649484536082475
0.04		1.1539948453608246
0.05		1.1875
0.06		1.2139175257731958
0.07		1.193298969072165
0.08		1.2512886597938144
0.09		1.1855670103092784
0.1		1.297680412371134
> assign800.txt | 07 April 2024, 18:39:09 | Seed=5852036743279041407 | n=800
0		1.0
0.01		1.053479381443299
0.02		1.1449742268041236
0.03		1.2210051546391754
0.04		1.1913659793814433
0.05		1.2042525773195876
0.06		1.2081185567010309
0.07		1.2384020618556701
0.08		1.1913659793814433
0.09		1.2190721649484537
0.1		1.2274484536082475
> assign800.txt | 07 April 2024, 18:39:48 | Seed=6410182276134804568 | n=800
0		1.0
0.01		1.0882731958762886
0.02		1.1063144329896908
0.03		1.1256443298969072
0.04		1.2184278350515463
0.05		1.2551546391752577
0.06		1.1971649484536082
0.07		1.2893041237113403
0.08		1.2216494845360826
0.09		1.1565721649484537
0.1		1.1978092783505154
> assign800.txt | 07 April 2024, 18:40:28 | Seed=7498353048504947514 | n=800
0		1.0
0.01		1.1333762886597938
0.02		1.1204896907216495
0.03		1.1295103092783505
0.04		1.1417525773195876
0.05		1.2190721649484537
0.06		1.2293814432989691
0.07		1.2332474226804124
0.08		1.208762886597938
0.09		1.3073453608247423
0.1		1.1778350515463918
> assign800.txt | 07 April 2024, 18:41:08 | Seed=4595413589133040715 | n=800
0		1.0
0.01		1.1507731958762886
0.02		1.1423969072164948
0.03		1.2029639175257731
0.04		1.240979381443299
0.05		1.1475515463917525
0.06		1.184278350515464
0.07		1.2222938144329898
0.08		1.214561855670103
0.09		1.1945876288659794
0.1		1.2403350515463918
> assign800.txt | 07 April 2024, 18:41:49 | Seed=5938609787205645008 | n=800
0		1.0
0.01		1.1436855670103092
0.02		1.1082474226804124
0.03		1.1385309278350515
0.04		1.217783505154639
0.05		1.155283505154639
0.06		1.196520618556701
0.07		1.1746134020618557
0.08		1.2235824742268042
0.09		1.237757731958763
0.1		1.1765463917525774
> assign800.txt | 07 April 2024, 18:42:29 | Seed=29366123155998501 | n=800
0		1.0
0.01		1.1771907216494846
0.02		1.1314432989690721
0.03		1.1920103092783505
0.04		1.1913659793814433
0.05		1.181701030927835
0.06		1.2300257731958764
0.07		1.2048969072164948
0.08		1.2661082474226804
0.09		1.2306701030927836
0.1		1.2893041237113403
> assign800.txt | 07 April 2024, 18:43:11 | Seed=3303707212295979681 | n=800
0		1.0
0.01		1.0908505154639174
0.02		1.1829896907216495
0.03		1.1385309278350515
0.04		1.1630154639175259
0.05		1.1739690721649485
0.06		1.2074742268041236
0.07		1.146262886597938
0.08		1.166237113402062
0.09		1.2274484536082475
0.1		1.268041237113402
> assign800.txt | 07 April 2024, 18:43:52 | Seed=6981525761410015858 | n=800
0		1.0
0.01		1.0612113402061856
0.02		1.1707474226804124
0.03		1.1565721649484537
0.04		1.1108247422680413
0.05		1.2403350515463918
0.06		1.2306701030927836
0.07		1.2371134020618557
0.08		1.228737113402062
0.09		1.2345360824742269
0.1		1.277061855670103
> assign800.txt | 07 April 2024, 18:44:32 | Seed=8171949614278033412 | n=800
0		1.0
0.01		1.1140463917525774
0.02		1.1791237113402062
0.03		1.1610824742268042
0.04		1.1939432989690721
0.05		1.226159793814433
0.06		1.2048969072164948
0.07		1.1391752577319587
0.08		1.1701030927835052
0.09		1.2731958762886597
0.1		1.2661082474226804
> assign800.txt | 07 April 2024, 18:45:13 | Seed=3034965809624097478 | n=800
0		1.0
0.01		1.214561855670103
0.02		1.1385309278350515
0.03		1.1952319587628866
0.04		1.2184278350515463
0.05		1.202319587628866
0.06		1.1655927835051547
0.07		1.1971649484536082
0.08		1.1546391752577319
0.09		1.2203608247422681
0.1		1.2673969072164948
