52,65,40,77,65,14,33,77,68,53,52,53,72,96,68,52,33,57,68,84,60,81,23,79,63,35,31,71,6,44,32,34,51,78,74,12,62,5,44,69,70,63,71,96,85,53,35,25,36,88,18,70,68,20,85,53,85,28,86,40,51,32,39,19,28,58,55,75,2,54,31,23,77,12,31,60,75,6,8,9,42,45,80,66,53,66,45,13,81,62,42,73,21,94,36,10,76,29,22,69
20,17,80,72,14,43,4,69,5,5,59,18,61,46,58,35,36,32,7,46,15,59,3,33,3,31,31,64,83,32,46,53,92,55,57,46,60,10,67,58,30,9,30,90,90,95,86,71,67,63,98,10,64,64,46,83,67,86,58,7,58,13,59,95,53,63,39,32,27,30,45,48,75,53,29,34,69,32,64,82,9,29,31,38,82,39,75,52,41,4,39,73,65,34,33,33,55,76,64,92
41,10,74,77,71,55,50,26,100,20,72,31,72,15,62,90,74,33,72,73,30,64,74,29,17,76,57,12,96,26,56,100,4,74,43,52,100,35,72,68,12,85,30,39,41,70,55,17,53,72,56,47,31,42,45,9,60,52,98,67,57,34,73,68,91,72,96,5,28,52,76,23,25,39,32,32,56,28,58,16,70,22,51,28,6,28,50,27,20,4,39,26,95,52,66,74,56,76,63,31
55,63,61,35,55,46,51,70,45,0,53,72,76,76,70,47,29,73,71,91,36,26,3,53,11,74,12,75,3,24,81,69,72,25,85,100,77,69,38,2,48,22,98,36,61,47,75,65,29,44,14,2,43,70,36,38,68,68,17,40,38,73,37,63,3,51,3,65,28,94,82,74,97,15,96,5,52,28,7,14,0,64,54,71,24,62,50,75,31,76,51,13,20,82,56,30,41,60,71,49
70,37,38,26,49,56,48,72,31,66,70,98,4,44,41,33,74,63,60,65,25,4,56,23,5,91,34,41,23,28,59,73,15,56,32,88,32,78,90,30,56,78,52,64,55,44,26,74,34,15,2,84,59,82,91,21,75,31,43,69,43,27,26,33,67,59,98,33,21,60,64,40,30,96,58,26,89,80,66,44,38,5,5,63,65,76,51,6,39,72,57,57,15,24,63,54,41,50,85,91
75,72,39,91,70,94,95,74,59,54,90,96,6,44,27,76,100,28,52,2,16,36,89,78,94,40,91,26,55,80,78,38,47,21,9,59,25,9,58,89,68,29,14,78,38,100,49,81,55,40,54,41,93,90,67,71,66,49,71,28,79,28,95,28,53,93,64,7,40,16,20,38,54,73,26,44,26,86,67,38,45,25,47,79,32,47,5,69,10,49,89,40,68,8,100,24,53,92,68,74
77,59,59,20,49,97,66,45,58,42,4,67,32,68,16,89,34,56,23,45,31,75,51,58,57,63,88,6,38,25,90,62,34,74,97,49,99,0,8,63,38,5,42,78,68,6,35,15,93,29,38,69,41,86,45,93,26,46,72,62,75,29,67,15,78,77,66,45,86,27,97,5,57,92,59,11,20,8,73,91,99,62,64,91,27,78,96,2,52,32,99,75,81,65,39,64,16,67,45,45
61,78,99,75,53,2,39,53,54,90,65,77,57,93,97,27,29,52,93,30,25,89,59,51,44,81,13,68,9,6,65,29,16,94,54,42,96,0,26,72,35,57,68,55,36,3,16,73,90,40,63,95,41,71,57,34,71,60,70,99,62,30,58,75,26,60,90,100,17,12,37,37,48,3,53,60,36,13,47,31,57,40,82,6,41,49,76,72,34,34,24,17,31,72,84,19,38,73,99,42
55,30,43,66,57,16,40,15,74,2,78,3,68,25,69,86,39,50,62,99,72,37,15,86,27,12,91,83,79,51,83,31,57,52,26,58,98,62,9,58,44,56,26,75,69,19,20,73,58,63,91,88,76,56,9,23,63,18,99,21,13,31,48,11,60,59,35,23,9,29,83,13,62,10,11,22,96,83,74,42,41,68,55,10,45,96,76,41,70,19,3,22,7,95,17,93,79,16,38,38
47,75,22,81,44,22,28,67,99,81,82,44,5,42,44,27,46,75,69,80,90,69,17,25,60,36,40,29,76,99,40,79,23,49,20,53,21,49,56,98,26,65,56,73,46,23,70,22,70,53,10,28,87,90,71,64,14,28,96,80,28,2,47,57,8,32,48,28,30,28,36,70,49,34,20,5,5,69,87,41,84,42,52,100,70,2,34,59,61,88,46,46,59,63,36,22,76,98,86,15
95,41,65,66,71,83,36,85,16,20,17,22,72,58,21,22,16,50,2,3,6,73,48,55,11,28,95,39,60,38,82,97,57,65,100,64,76,41,22,72,9,65,70,35,71,53,55,49,79,32,47,85,57,23,70,55,79,4,83,39,53,26,25,30,71,52,89,56,9,64,13,38,6,55,68,18,48,84,49,61,67,46,35,96,58,61,63,34,84,68,60,69,59,15,42,5,53,42,16,14
53,56,84,53,55,98,40,84,90,60,98,41,10,42,22,89,71,85,49,46,87,42,40,25,59,8,21,44,17,41,84,57,51,71,79,47,23,4,70,45,35,45,88,33,79,31,83,79,46,76,60,4,36,14,75,30,25,40,38,18,37,60,52,54,43,8,54,44,20,48,39,19,28,38,61,61,62,6,49,58,66,43,33,53,41,13,67,50,3,72,23,69,29,80,20,22,75,52,16,79
100,29,46,40,22,16,29,83,5,31,37,6,87,26,88,82,63,24,33,16,24,86,34,14,21,84,69,81,91,94,79,6,71,59,7,45,72,54,94,39,29,50,90,56,5,59,35,43,32,34,96,45,16,16,55,23,50,84,9,62,71,95,29,43,62,45,87,89,55,68,11,39,80,97,95,73,98,20,45,54,24,50,44,72,85,16,41,44,11,97,98,87,59,47,96,19,34,58,7,26
3,58,46,59,14,72,55,82,42,100,70,39,47,39,32,46,80,19,8,75,59,6,80,24,59,76,40,61,70,70,28,44,34,66,4,79,71,24,88,10,39,70,60,29,30,87,73,58,94,67,58,51,70,38,75,26,39,4,28,44,37,8,26,76,58,80,66,40,9,43,57,86,7,13,65,68,76,19,34,46,29,64,51,23,69,5,48,68,75,77,74,66,9,50,90,49,95,9,61,81
62,2,69,90,67,92,4,37,15,42,50,35,65,33,59,23,24,32,27,53,88,61,57,37,76,48,94,66,68,11,99,25,83,45,79,56,19,28,96,50,81,14,54,78,90,77,28,52,68,100,79,89,37,47,7,43,69,31,58,15,46,68,44,87,79,37,84,43,57,26,2,31,48,59,24,56,12,39,9,47,33,35,99,66,71,65,7,63,85,10,78,79,94,51,54,26,38,61,55,56
50,16,50,46,44,79,74,6,92,40,69,12,62,45,23,56,55,79,95,28,97,53,17,78,58,37,80,53,30,30,28,97,54,86,1,50,62,61,75,8,36,44,29,22,61,37,3,11,90,27,99,23,79,13,63,50,60,80,88,72,6,26,28,38,29,20,4,77,83,86,56,29,88,18,32,59,71,66,72,45,40,89,4,97,63,30,63,92,47,38,11,10,2,65,53,66,96,30,11,40
9,16,96,14,87,77,42,66,18,76,54,25,30,84,26,72,49,87,53,31,73,67,56,2,39,75,33,18,44,29,26,73,43,21,35,92,76,85,39,79,45,23,69,28,64,70,9,70,48,42,6,63,17,23,66,98,43,12,28,32,69,43,90,79,42,6,57,37,48,13,31,45,79,48,58,6,82,81,3,39,99,33,70,26,54,63,10,31,83,69,36,69,60,32,70,60,92,23,70,73
27,36,76,7,58,98,27,70,17,69,70,47,39,89,14,65,41,81,99,48,27,54,76,45,70,34,97,37,96,81,30,32,51,46,28,61,28,68,41,90,53,44,69,44,28,73,100,86,29,100,34,57,45,59,35,78,73,6,21,10,40,96,61,19,84,61,45,87,48,76,15,57,83,27,97,30,58,7,59,31,55,92,20,62,47,29,73,30,94,6,66,80,94,35,36,18,57,30,63,51
49,74,10,27,27,36,79,72,78,72,87,18,61,76,67,14,84,70,78,51,12,57,31,88,56,7,74,39,37,20,37,62,96,81,69,68,19,89,36,1,64,73,65,58,14,33,74,45,54,34,21,2,54,86,77,65,27,67,88,78,80,54,73,77,95,6,12,32,48,17,62,18,26,73,81,95,67,94,56,79,2,65,15,76,33,87,98,67,58,14,86,42,72,33,53,69,30,14,78,58
26,59,34,73,58,70,79,58,55,26,75,68,12,37,69,51,75,38,80,97,59,15,89,24,14,34,18,31,39,86,90,37,19,64,56,78,7,45,33,60,81,90,87,67,68,50,36,66,24,65,89,52,39,13,33,47,19,74,55,87,27,63,12,73,45,50,56,12,49,72,44,62,38,74,85,43,71,67,57,40,76,26,50,94,35,23,62,99,72,91,94,40,97,90,26,86,72,35,94,97
42,59,44,42,63,89,60,94,36,42,3,43,72,63,67,21,55,72,27,54,52,35,41,54,58,34,39,92,48,38,30,58,42,52,89,91,32,34,33,63,67,43,20,59,21,61,25,44,13,95,24,29,80,9,81,4,74,26,64,51,48,90,72,15,33,38,36,40,5,52,61,51,33,23,32,58,49,49,48,47,23,62,7,52,49,72,11,58,74,98,72,63,65,80,77,28,64,22,9,85
46,34,48,75,53,66,71,19,57,68,12,46,85,38,37,26,52,100,50,67,62,42,49,93,21,100,3,28,52,49,71,0,9,91,57,76,83,4,58,74,75,30,26,94,76,20,59,28,70,88,25,20,59,63,70,41,2,68,61,93,52,59,31,78,26,81,84,47,75,26,12,36,78,69,8,70,27,60,27,12,62,57,9,72,38,71,35,18,39,98,72,74,56,13,74,55,61,38,2,40
47,54,17,4,75,98,5,37,77,12,39,70,27,61,23,45,83,67,28,26,75,60,97,17,74,30,87,29,58,65,38,73,15,33,69,30,69,39,80,61,61,43,31,70,55,80,8,63,36,32,0,58,66,65,39,38,43,81,84,73,20,57,28,54,20,27,70,79,76,36,65,27,22,37,17,14,23,78,42,62,17,13,81,80,80,61,97,42,94,90,41,61,38,17,46,23,55,66,48,46
23,60,95,71,95,99,39,22,27,85,69,66,65,72,40,39,84,97,44,31,9,35,39,57,59,68,3,58,67,74,56,89,56,73,30,41,62,71,99,75,56,77,6,28,81,5,18,64,43,48,54,30,98,76,68,26,25,0,72,34,53,42,26,36,75,94,19,25,3,31,28,6,43,54,48,65,98,25,28,89,19,27,73,5,43,63,85,92,27,8,37,64,24,27,57,62,44,13,39,78
1,92,50,41,14,70,31,30,99,74,4,28,20,58,64,12,80,62,52,28,35,32,30,67,5,16,20,42,55,75,21,57,100,39,67,68,55,15,8,56,46,92,13,39,11,34,31,49,73,93,89,31,83,48,38,27,64,41,46,58,98,86,21,27,56,58,13,33,55,27,58,80,65,62,35,92,88,80,35,97,58,68,7,40,33,78,60,10,86,79,39,97,70,74,78,75,13,63,97,59
27,100,35,55,94,37,66,17,16,65,46,61,63,39,44,36,60,66,37,71,88,43,14,85,77,13,95,80,59,41,8,73,53,74,76,62,83,26,99,51,68,44,35,10,53,54,67,16,28,61,63,60,32,82,30,12,74,40,77,57,19,88,60,29,73,45,83,56,78,17,13,54,63,51,43,65,67,78,53,15,73,6,37,96,28,80,52,64,37,67,90,91,21,13,77,15,76,8,25,39
90,79,32,70,47,21,46,59,46,75,20,61,30,9,42,11,40,32,45,40,57,45,14,90,84,32,52,68,33,24,54,45,50,82,52,20,63,73,34,84,21,63,85,59,88,71,55,41,67,95,19,80,85,75,52,34,47,21,31,46,55,11,53,23,1,25,54,33,96,27,69,41,12,40,13,61,46,37,71,30,49,17,92,60,68,75,74,34,72,34,13,44,19,91,71,23,37,13,66,24
96,33,48,61,56,5,74,57,33,45,54,7,63,69,41,66,31,74,54,100,66,67,76,84,88,67,35,87,63,87,51,83,86,58,43,52,38,50,91,5,26,56,5,49,79,100,8,54,47,67,63,34,46,57,31,80,61,59,41,89,53,25,4,46,60,81,64,44,72,64,53,40,79,57,92,74,19,25,24,72,3,87,32,27,31,32,44,61,91,63,40,94,69,35,86,57,18,9,40,64
19,34,80,40,2,49,72,84,2,100,68,97,42,56,54,50,49,55,38,41,65,72,23,57,55,27,60,89,38,9,57,68,38,37,12,34,58,97,81,56,63,97,43,42,57,84,24,6,59,73,40,36,92,39,40,40,14,100,33,21,65,62,22,81,80,33,18,45,38,73,91,55,55,58,2,77,40,42,44,76,12,82,100,49,57,42,7,6,32,44,91,47,50,33,76,44,37,58,17,33
21,32,55,73,38,34,17,67,23,97,83,29,4,66,59,40,84,49,58,38,38,29,36,18,56,13,36,81,61,87,61,60,7,16,11,10,61,33,46,53,88,30,30,55,33,79,19,14,83,47,24,29,39,62,21,69,89,70,54,56,13,67,25,82,29,48,31,53,94,86,49,87,28,75,29,69,66,66,32,80,55,58,25,34,99,79,38,72,95,99,6,67,20,46,83,56,43,22,69,9
8,62,56,66,18,20,36,49,35,30,99,34,37,89,63,90,50,3,24,42,51,3,29,30,41,41,16,23,38,72,34,46,60,18,80,20,43,100,18,41,23,68,61,39,94,4,54,6,18,66,27,12,11,57,37,46,40,51,16,43,84,8,18,84,18,71,15,61,20,98,19,41,71,28,30,46,79,53,84,5,84,71,82,90,56,11,72,99,40,12,53,67,88,29,53,19,31,70,62,75
21,64,5,96,84,88,41,81,71,70,71,45,37,64,26,99,59,49,53,47,36,75,40,41,29,74,33,75,14,75,85,69,71,67,68,45,77,77,68,82,66,94,16,37,100,52,55,30,47,58,48,14,21,39,43,82,35,20,83,77,92,61,63,69,24,2,39,95,74,53,57,68,30,96,89,22,46,4,76,100,67,14,60,41,82,30,99,13,30,55,51,26,54,85,38,97,58,38,10,12
61,19,40,59,25,41,7,34,34,15,20,33,49,60,53,37,25,84,90,12,46,54,43,35,42,37,88,20,95,5,100,79,33,38,36,72,34,100,68,39,29,18,73,72,39,78,84,32,100,82,3,80,24,71,71,27,68,21,57,23,25,44,33,64,95,98,73,18,98,28,6,98,47,99,27,71,98,97,55,66,75,38,11,49,55,22,17,86,20,89,6,98,71,77,66,34,82,66,81,67
8,12,30,33,26,41,41,96,80,61,91,12,6,82,11,86,23,63,10,43,42,36,53,97,97,99,95,22,61,16,68,16,28,69,87,75,92,79,17,54,45,68,94,33,84,33,88,68,73,83,61,70,12,37,79,32,8,61,22,19,44,10,84,68,40,79,79,70,99,35,32,3,40,22,49,91,94,27,22,63,55,76,62,20,96,94,99,92,14,63,50,20,47,73,50,80,20,16,83,13
58,71,37,86,77,65,34,59,62,76,85,48,60,63,54,42,92,66,36,53,58,90,9,50,54,65,9,8,25,68,59,12,63,53,68,73,45,41,73,37,74,72,99,34,41,94,13,26,61,68,82,86,91,59,43,31,7,52,65,64,46,9,63,41,63,37,95,66,60,4,61,43,86,92,99,50,54,10,85,74,41,55,39,25,42,76,59,35,64,16,67,96,51,70,50,12,60,27,94,39
43,27,31,25,69,42,42,72,43,50,75,16,41,30,70,51,56,69,75,31,36,56,93,60,76,36,43,30,20,91,83,12,32,56,43,42,52,29,74,42,82,100,63,46,36,51,7,21,78,27,66,52,54,70,38,15,61,76,59,65,24,28,43,60,53,75,95,18,23,64,55,41,69,45,51,86,67,11,13,96,40,24,20,75,64,32,62,21,66,82,42,97,8,83,40,36,53,53,30,74
32,40,36,71,8,46,85,62,21,35,35,24,77,61,16,54,4,40,5,70,13,90,76,98,56,69,59,46,47,33,24,37,82,29,44,77,90,9,85,14,80,13,62,50,8,39,38,34,47,80,67,38,42,68,63,43,92,81,49,34,3,11,26,84,71,72,68,77,4,63,32,3,51,10,100,26,67,8,60,69,55,62,43,90,45,52,2,65,30,28,68,92,35,21,58,77,29,54,44,45
23,30,13,71,77,37,67,3,29,68,18,74,34,11,76,38,71,83,52,74,17,21,44,61,36,40,31,24,43,10,56,59,99,37,74,33,35,53,45,8,71,83,52,100,41,74,7,65,37,17,55,63,30,74,82,21,29,71,52,57,11,40,52,24,64,32,41,11,32,36,45,23,3,59,11,41,60,5,90,21,31,71,27,47,63,43,96,9,55,75,100,72,41,70,19,21,41,49,46,95
27,33,55,63,58,50,94,48,44,80,66,75,46,82,41,64,17,85,84,39,13,69,54,36,15,61,44,75,40,57,48,44,40,27,34,61,86,26,56,18,42,29,24,87,3,30,61,95,37,55,65,40,2,44,42,64,28,27,60,14,49,3,53,48,51,43,33,22,81,72,15,27,69,14,57,14,91,6,16,42,30,95,56,82,38,27,76,8,63,96,46,35,9,8,70,75,3,97,4,54
42,42,86,82,29,41,48,76,88,82,20,14,95,66,92,23,67,36,73,4,79,61,13,97,40,75,69,87,38,91,64,11,21,86,23,10,85,37,73,27,76,62,72,92,95,76,25,53,50,66,58,71,2,67,36,16,45,74,86,28,55,2,13,46,57,99,27,36,51,57,35,74,1,29,6,58,20,46,27,50,36,74,68,10,45,7,41,75,99,61,46,4,90,52,92,38,39,14,62,80
47,38,43,92,63,43,61,52,5,75,7,81,94,40,62,51,45,72,7,59,11,15,72,43,56,56,96,43,2,15,26,90,59,27,36,6,20,72,0,12,66,92,39,100,93,39,21,39,77,99,76,41,82,32,82,53,41,57,68,18,75,15,83,39,33,61,100,96,16,50,83,56,44,93,8,39,33,73,74,48,25,47,41,64,37,51,46,67,34,64,46,87,51,50,78,51,51,30,40,97
60,71,20,45,72,32,53,3,85,89,33,100,63,47,80,10,69,59,62,52,54,11,62,45,50,59,79,39,21,74,27,32,87,27,74,32,31,13,65,61,93,30,87,95,21,56,40,80,35,85,29,95,76,89,72,59,53,54,12,92,30,31,41,92,59,2,95,85,61,14,61,48,81,48,35,60,4,11,45,83,77,28,95,33,78,60,20,68,55,21,60,69,43,63,58,28,87,37,90,51
39,33,95,18,56,4,79,17,45,39,57,22,17,46,70,82,44,34,83,9,39,54,52,23,86,62,58,90,50,6,75,62,2,61,68,57,92,40,65,70,95,15,60,91,76,100,35,41,89,51,54,53,70,15,49,55,53,63,60,26,80,26,40,55,58,31,49,72,59,38,34,41,70,16,5,56,67,22,20,64,80,97,78,65,39,50,90,65,95,40,58,28,78,48,22,30,34,46,70,64
51,27,50,31,43,86,90,57,46,68,12,9,30,71,20,93,69,90,74,74,16,76,77,54,35,38,7,97,74,77,91,81,65,60,53,93,12,26,94,35,46,33,89,24,84,39,71,38,67,51,47,9,86,25,54,82,74,17,95,11,29,79,70,82,77,73,84,74,72,84,44,76,44,8,31,22,57,100,79,96,8,51,29,83,95,93,7,29,26,79,48,94,44,34,60,64,27,36,74,26
9,62,16,47,15,2,52,67,72,21,5,40,53,46,35,76,36,54,75,66,30,58,29,37,42,44,78,96,62,15,72,86,8,18,70,67,11,2,10,60,6,4,54,81,37,91,67,27,22,51,85,34,39,93,59,64,68,84,35,89,90,72,6,98,51,5,68,46,80,11,15,66,9,76,33,46,11,44,80,76,32,49,37,11,29,99,62,5,70,65,8,71,38,23,70,9,88,73,97,29
16,34,91,56,36,61,94,56,44,71,91,46,71,65,72,38,60,20,38,27,21,70,59,88,17,47,53,64,67,80,29,42,56,25,6,76,26,17,35,33,77,70,30,55,26,39,37,11,31,39,31,31,84,26,39,42,29,49,0,46,80,55,52,27,82,26,14,52,28,37,29,92,29,69,66,14,76,72,36,31,27,16,27,88,5,53,7,25,35,59,43,97,76,37,4,42,90,59,68,59
77,45,40,61,95,74,51,62,15,4,33,6,43,56,84,33,32,50,53,27,45,93,64,73,79,27,97,64,41,6,21,47,44,2,6,31,81,41,64,7,11,54,32,47,90,20,28,57,43,96,86,72,40,71,9,55,68,77,38,63,20,18,67,53,19,16,48,83,74,78,62,60,71,24,79,30,23,40,54,26,43,43,95,20,96,66,16,49,23,84,15,39,47,76,78,71,52,60,15,70
52,48,71,95,27,13,94,65,47,71,86,34,20,31,6,13,41,23,55,59,56,99,30,91,17,61,23,10,58,92,74,29,56,21,7,68,49,55,87,84,70,98,32,26,16,70,25,51,2,34,64,60,30,71,43,61,63,55,66,4,68,42,66,17,31,34,42,60,38,93,70,29,76,75,44,89,22,38,96,68,37,15,55,23,18,59,82,31,57,25,96,5,24,61,47,75,75,64,31,61
43,53,2,21,86,52,81,44,64,78,35,95,46,5,31,94,33,43,77,15,55,68,96,67,71,84,100,7,92,29,67,75,76,28,66,35,34,70,37,56,38,58,87,49,43,45,28,46,18,70,66,49,58,59,90,40,53,67,31,53,72,51,67,41,40,66,43,8,70,1,78,8,36,17,73,26,56,83,18,58,57,74,44,22,12,15,18,46,31,69,49,56,72,35,70,68,66,68,69,51
28,72,29,65,72,29,49,31,64,32,45,29,63,49,55,69,42,46,56,34,43,70,20,40,54,74,9,95,76,59,40,17,13,10,19,49,27,60,41,36,20,96,43,1,44,75,38,35,29,32,92,11,85,30,17,46,66,70,36,77,85,17,81,19,44,32,67,58,62,72,61,48,67,44,31,49,38,76,31,49,66,67,35,89,40,38,65,100,34,95,32,62,92,93,58,69,75,41,27,63
56,35,39,38,38,51,44,73,100,61,59,89,30,42,30,35,2,22,33,90,84,12,63,57,75,73,95,5,23,20,69,66,30,0,90,37,59,5,62,79,65,73,73,79,91,71,6,41,6,48,12,71,66,39,9,2,17,42,38,32,46,30,98,63,76,17,37,27,31,32,46,19,5,59,87,59,60,68,56,36,7,67,8,39,69,83,45,40,34,81,62,26,100,44,21,67,10,75,85,48
85,49,30,6,91,98,10,68,71,38,86,8,60,6,28,98,53,24,3,59,42,90,60,56,2,12,63,38,1,97,96,33,2,90,30,67,64,80,31,54,71,73,26,34,85,79,37,77,98,73,13,38,83,3,14,32,46,90,62,65,61,7,71,21,4,22,51,47,44,51,85,98,55,72,14,44,83,49,74,83,99,43,94,56,65,61,39,68,18,6,50,29,12,45,41,28,16,41,73,48
91,31,97,47,37,74,36,0,2,90,36,38,61,8,81,55,70,42,36,22,46,47,4,30,72,94,22,48,79,39,70,80,71,30,87,81,32,20,48,56,28,64,50,63,76,20,47,74,31,35,69,44,58,87,79,4,66,36,10,75,53,19,2,32,20,51,58,72,32,68,96,98,10,22,31,31,1,80,53,15,26,64,45,74,47,34,44,75,33,8,32,89,27,67,10,53,46,54,35,9
18,37,43,30,34,89,41,32,54,34,42,92,72,72,8,74,66,9,29,66,74,95,64,73,79,58,28,96,97,29,6,8,12,68,66,17,78,3,34,92,71,34,71,23,17,98,18,74,62,79,30,40,31,2,37,52,10,17,72,59,33,8,88,15,61,74,35,18,74,35,61,70,95,27,70,69,36,67,4,75,41,53,23,61,36,55,48,45,97,52,67,47,28,52,90,95,44,41,73,42
9,48,7,21,15,88,71,96,26,59,10,92,36,80,2,97,68,93,63,72,59,59,74,52,37,66,27,97,45,32,37,34,55,36,56,46,90,83,76,62,40,36,36,23,86,14,91,38,16,88,59,46,20,66,77,90,22,1,28,74,35,58,18,26,74,7,67,63,46,41,34,48,15,69,31,54,30,31,27,41,49,38,94,78,64,27,65,76,64,52,65,84,76,63,43,56,53,15,42,38
65,82,20,13,32,31,46,98,65,53,47,74,46,22,30,39,46,65,23,51,73,28,10,20,79,34,27,17,42,31,30,53,50,77,19,39,75,81,62,24,39,68,74,31,58,20,75,31,76,62,34,26,66,84,31,59,46,46,11,86,3,66,87,40,49,54,15,68,89,91,70,28,15,25,18,69,98,70,45,73,35,72,38,42,100,75,29,57,76,34,19,32,17,7,29,5,7,49,79,70
55,28,31,71,67,41,46,41,71,83,20,90,60,32,18,44,11,57,81,10,24,29,81,30,4,72,73,38,32,30,71,26,33,86,27,39,80,64,36,56,40,97,49,22,57,88,26,84,23,8,3,7,43,58,51,30,55,16,13,45,35,98,77,55,75,44,30,56,7,44,1,81,30,53,75,50,33,2,69,90,29,36,5,87,57,68,62,34,53,59,47,55,58,30,19,32,72,26,72,26
11,49,59,93,43,53,69,7,88,8,39,57,34,90,45,38,75,69,60,82,38,40,91,31,33,43,82,83,74,66,64,75,37,25,34,55,77,52,30,97,75,55,64,92,75,53,56,29,26,43,32,33,46,53,88,12,6,61,26,63,74,69,38,49,81,100,56,58,60,57,18,27,44,59,96,57,67,86,8,16,36,87,30,59,34,13,66,65,55,4,72,99,24,99,48,45,18,31,52,0
57,29,16,16,50,18,60,62,75,35,47,31,8,53,59,74,59,52,65,92,27,41,68,48,34,31,65,28,74,96,49,11,13,33,57,45,93,77,54,2,53,61,11,31,15,15,22,11,6,62,57,30,33,29,10,91,52,29,3,64,94,71,61,59,6,61,53,79,31,71,33,8,92,67,96,100,88,33,44,26,59,53,94,31,65,19,38,2,81,2,28,78,74,9,53,53,62,23,77,68
42,64,90,98,62,71,1,2,40,87,83,79,33,61,71,3,33,62,51,38,28,47,73,4,47,88,54,48,68,67,22,36,26,66,75,42,53,80,44,17,53,39,53,40,54,63,68,54,6,11,65,32,24,25,86,7,12,100,63,58,98,19,38,67,28,35,47,63,48,39,85,43,72,36,14,75,47,44,58,93,100,51,69,50,69,28,34,24,90,95,46,9,23,36,62,82,20,91,33,71
53,34,60,63,66,26,40,5,99,63,78,87,76,43,31,52,32,36,51,38,55,46,54,54,72,76,43,45,46,53,47,85,53,54,99,7,81,82,56,14,22,43,12,41,9,21,83,51,68,73,49,7,21,52,53,63,40,27,87,81,7,70,16,11,62,53,100,0,67,31,85,48,86,43,55,77,45,76,28,29,14,26,33,64,87,83,33,7,39,74,7,10,74,36,80,58,3,28,52,15
18,49,86,95,57,74,72,42,7,68,60,6,50,60,28,55,16,37,97,51,84,88,67,100,93,42,21,37,59,64,69,43,73,16,11,33,60,57,95,99,74,58,86,74,9,43,17,26,8,75,41,24,78,76,7,54,69,3,75,66,100,45,41,24,43,18,28,64,9,87,39,87,53,95,43,4,79,88,67,66,37,67,27,84,30,8,58,33,37,37,66,4,57,76,52,88,27,12,14,75
38,41,12,76,37,31,74,95,52,10,95,39,75,84,35,44,70,58,100,47,70,6,2,31,74,88,66,98,47,15,21,64,75,97,22,20,80,9,99,72,17,33,19,61,6,37,27,60,27,58,68,47,51,19,36,13,65,74,74,46,22,85,67,9,32,73,39,83,27,82,53,37,24,10,64,59,13,50,32,38,48,10,2,47,53,67,82,82,89,40,58,59,55,69,54,73,22,24,84,22
53,79,36,5,95,63,96,8,19,83,61,30,44,24,91,86,35,44,17,33,86,72,57,20,25,7,32,94,64,0,26,74,77,77,81,50,82,21,69,76,9,4,76,67,53,5,72,93,16,2,34,6,94,94,59,13,44,39,38,83,66,61,44,50,8,70,89,64,34,65,16,75,33,57,66,51,44,71,58,53,12,41,41,74,36,55,61,42,81,37,39,25,51,83,41,82,8,38,64,34
73,98,20,70,58,4,20,93,53,70,21,61,41,64,75,27,38,95,39,69,100,61,96,36,100,66,67,64,36,34,34,19,85,43,61,34,38,85,84,97,69,47,77,27,38,57,21,25,34,83,58,84,33,73,70,29,42,54,49,22,4,94,81,90,29,39,20,5,24,37,27,86,49,66,75,65,18,67,60,98,68,92,7,61,39,43,93,29,39,67,88,38,55,80,8,33,95,41,72,9
51,65,15,39,88,80,91,22,52,74,76,3,68,83,96,30,74,40,32,58,70,52,40,35,15,21,20,38,56,90,61,44,2,7,57,54,15,55,97,53,35,33,15,31,88,9,7,49,10,74,91,94,7,67,62,36,83,95,17,33,36,86,92,47,92,8,88,82,39,47,90,28,17,57,84,98,99,5,37,3,41,81,7,91,55,30,86,52,28,77,43,53,35,65,93,10,51,69,25,74
41,75,20,69,38,38,36,92,93,18,86,86,57,74,55,64,5,67,52,84,16,73,37,79,10,71,68,7,42,49,49,61,96,53,12,51,26,55,61,23,43,31,35,54,28,54,87,25,36,74,50,36,70,29,28,75,7,64,95,73,12,60,72,5,94,15,96,20,25,50,28,55,68,12,58,42,41,33,17,42,84,60,86,76,48,47,44,63,48,73,41,48,28,73,33,89,44,73,12,51
77,12,55,42,68,19,68,67,42,62,23,68,58,29,76,55,81,90,11,65,23,6,55,38,91,75,15,90,10,80,68,96,98,81,9,36,99,57,2,97,93,73,44,22,91,67,45,2,97,14,87,97,9,68,74,65,16,76,89,51,63,57,34,81,48,40,87,37,90,30,6,55,21,35,76,58,69,67,62,69,61,84,66,30,34,93,96,71,50,28,36,70,76,79,76,96,15,94,68,70
76,6,98,28,31,73,12,39,54,88,37,79,37,71,21,70,63,68,93,57,38,54,16,71,24,22,36,22,38,59,76,12,69,68,37,81,66,58,20,40,5,63,84,97,21,67,38,75,10,15,76,39,65,71,76,58,11,84,76,76,54,51,69,83,55,57,72,81,12,53,28,100,27,24,70,16,33,86,75,75,45,87,39,62,42,31,30,83,15,0,80,76,54,58,81,69,37,35,80,44
64,25,54,2,98,70,39,79,12,63,18,10,32,43,81,4,40,81,36,75,76,34,97,67,98,74,42,6,98,47,63,68,11,73,62,74,66,54,49,73,53,42,25,47,62,90,37,49,19,87,2,61,22,17,59,29,26,94,14,4,61,54,68,74,55,70,86,30,54,67,93,58,69,65,37,54,41,79,73,4,46,41,12,86,27,57,85,40,65,42,73,68,7,46,23,47,95,42,76,42
13,100,21,45,89,70,19,72,46,86,57,78,91,10,29,68,32,63,44,13,15,59,89,96,76,63,5,10,41,40,56,65,60,99,3,51,40,41,11,54,48,9,34,93,76,7,74,5,66,43,45,26,61,8,52,50,46,34,38,27,41,44,47,83,46,43,18,42,55,67,52,33,43,89,83,93,33,80,69,70,53,85,47,96,30,13,5,11,55,38,4,73,36,65,50,86,62,16,84,65
52,32,3,52,10,32,41,20,17,51,49,47,56,73,12,17,76,32,97,1,47,58,24,86,71,22,74,54,68,61,60,53,63,29,64,36,29,25,17,30,23,47,55,70,17,93,27,97,79,63,87,64,46,25,89,4,26,84,35,46,50,49,65,26,29,17,81,5,64,43,64,11,31,13,32,20,48,75,54,62,48,35,44,0,34,79,71,55,61,22,79,2,28,50,97,34,44,42,31,71
14,19,79,38,56,60,15,87,66,31,59,45,76,65,54,64,83,20,43,21,15,61,27,98,61,57,74,29,15,34,28,55,85,16,98,67,93,48,36,74,32,46,38,58,91,87,9,37,21,79,21,59,13,34,39,63,15,74,35,6,82,71,35,40,42,4,56,31,89,63,58,15,62,92,30,46,29,62,6,21,35,65,99,35,57,31,34,31,63,57,96,15,73,43,9,82,13,34,62,77
79,31,99,18,74,56,54,57,94,64,76,58,29,32,82,55,55,18,3,57,45,4,28,52,77,65,27,0,31,37,71,46,22,94,21,27,8,30,4,99,24,75,66,45,35,76,12,49,68,51,96,54,55,29,38,44,75,63,2,34,83,65,66,52,4,51,29,63,74,26,36,12,69,34,70,46,64,40,78,78,35,28,29,82,66,30,70,46,31,27,64,74,69,80,60,32,35,69,72,39
35,44,8,55,20,92,97,60,69,54,84,27,87,17,23,49,83,65,42,30,44,47,76,61,86,28,4,43,3,69,40,48,38,31,81,31,51,25,64,35,38,50,27,88,61,43,13,35,39,45,83,10,32,5,33,63,81,60,34,13,27,22,41,36,6,35,60,7,23,45,38,91,47,76,35,54,96,51,29,31,57,63,78,80,67,75,4,48,50,50,11,47,53,86,23,27,12,44,52,27
28,38,31,65,41,13,45,29,29,59,57,27,88,79,49,76,49,58,6,99,76,30,33,81,100,55,70,10,96,34,63,28,16,16,46,10,74,21,23,57,70,76,37,59,94,11,73,8,62,82,68,47,8,77,95,86,75,70,57,69,23,37,67,74,56,4,90,60,34,63,63,76,64,68,33,84,46,17,3,28,89,4,38,77,29,7,72,26,55,75,64,84,80,79,29,91,76,33,16,72
34,17,15,28,45,23,31,61,43,36,34,70,7,45,59,60,47,37,78,26,35,85,97,32,66,23,45,48,18,75,17,17,86,62,30,30,18,40,53,68,89,95,45,89,58,28,74,93,63,32,79,64,15,36,74,82,3,90,37,25,57,35,60,55,90,91,34,63,86,80,53,19,20,84,6,36,4,30,67,93,53,72,45,31,36,65,100,69,30,82,65,15,15,66,69,56,28,3,78,34
84,30,95,61,65,27,29,40,77,26,29,17,37,26,62,5,25,80,22,27,40,95,80,79,33,70,12,62,9,39,55,73,38,7,71,59,54,43,4,44,20,48,16,73,43,25,61,23,98,52,26,65,86,41,24,92,24,56,13,88,35,27,26,40,58,97,96,75,30,83,29,70,64,30,58,83,66,33,75,39,57,81,4,45,34,92,36,68,21,77,56,72,86,3,35,96,46,47,57,93
81,75,18,46,74,41,33,88,54,4,74,88,40,66,87,44,34,34,34,74,89,90,100,13,4,76,65,77,56,99,34,62,45,67,18,32,76,12,15,45,28,0,19,81,71,34,36,12,63,39,58,27,66,41,90,61,36,60,16,65,88,83,89,46,67,19,10,94,91,49,85,21,56,58,82,99,34,47,60,20,41,62,5,26,81,82,28,32,90,10,67,23,65,9,42,10,37,21,13,18
47,35,3,33,52,36,18,53,62,74,48,70,60,55,27,30,53,40,39,97,66,84,60,16,41,35,64,42,39,25,77,52,53,75,77,72,3,3,31,34,26,20,30,90,91,60,55,15,66,2,28,77,80,40,72,37,23,73,38,63,36,36,89,30,90,42,53,34,46,33,53,46,83,69,69,24,57,70,74,29,69,61,32,60,63,35,49,33,88,67,33,31,44,93,63,38,94,10,54,53
25,39,58,64,100,58,74,82,27,17,58,38,23,67,32,22,35,37,41,18,81,39,44,74,92,18,90,42,25,48,27,33,25,87,50,95,71,59,45,85,29,71,24,95,41,67,31,30,15,82,46,36,63,70,93,56,5,40,87,12,29,86,7,13,16,53,94,5,32,59,30,68,64,84,50,93,34,12,47,57,54,75,25,9,96,69,48,59,92,40,66,65,51,56,20,5,17,95,58,83
71,73,48,69,56,98,88,97,19,90,41,66,76,79,93,12,76,62,62,46,18,68,54,57,27,83,47,48,37,41,34,45,80,27,41,70,36,14,39,14,47,29,73,83,18,27,33,39,13,6,26,10,65,9,39,4,92,23,86,61,72,85,14,76,59,75,76,61,26,98,97,28,19,96,46,2,96,13,66,62,36,18,31,22,48,67,93,82,38,9,12,6,23,52,5,35,76,49,88,13
91,59,31,55,32,58,71,61,45,92,33,64,24,62,17,73,53,75,64,28,9,27,45,2,90,78,24,50,47,70,65,14,45,89,62,82,51,77,85,30,75,45,85,39,36,100,6,70,98,35,34,77,82,97,38,24,62,45,7,33,7,98,12,41,37,26,29,39,72,7,33,44,19,69,75,51,64,40,61,7,56,36,37,63,78,17,7,97,9,25,72,20,99,13,24,18,89,91,20,78
51,68,81,9,62,23,73,53,59,90,58,35,73,35,51,99,45,23,72,30,26,4,3,87,27,18,20,47,94,93,71,40,53,61,25,15,62,23,7,39,43,3,41,18,51,61,26,68,95,38,99,22,71,12,4,80,43,8,77,43,38,98,40,67,87,86,91,73,76,37,85,3,23,61,56,26,46,54,7,67,56,93,91,4,35,82,94,27,48,71,11,43,17,86,90,72,21,17,86,39
55,67,98,91,79,28,93,88,7,62,62,37,89,92,50,84,45,51,13,67,54,11,88,67,49,0,65,72,81,82,60,61,46,35,5,12,63,88,28,86,11,39,31,95,22,89,8,36,68,42,36,73,4,71,35,63,5,74,50,100,38,47,68,44,12,77,17,93,48,65,31,89,5,15,16,47,12,62,7,39,20,45,68,32,93,43,63,57,25,47,77,6,39,19,44,80,5,55,35,74
73,73,37,76,70,33,61,14,6,15,72,28,70,35,91,62,56,43,35,9,71,16,70,65,21,22,81,94,30,100,38,75,80,66,49,7,59,35,56,67,95,46,48,40,65,33,38,59,55,35,68,50,33,16,56,76,39,71,28,75,59,83,27,14,58,8,62,75,77,9,41,73,65,45,75,34,62,11,92,14,30,34,10,76,22,65,68,10,62,99,66,70,54,13,4,74,84,56,46,51
55,50,42,78,91,54,9,73,89,42,77,54,8,40,54,19,19,45,14,35,98,45,59,33,77,72,74,23,84,12,95,86,31,39,40,46,92,64,29,63,6,37,48,23,66,44,60,52,58,65,90,47,32,15,81,100,32,35,15,46,26,3,64,67,25,0,55,24,13,68,73,69,18,63,32,91,75,77,58,71,35,55,26,56,26,59,61,60,72,71,75,28,82,82,27,65,44,35,55,71
74,72,66,38,83,18,54,71,59,7,45,89,35,37,28,53,88,27,84,33,61,90,24,4,22,50,27,41,6,51,19,67,59,75,21,53,97,17,34,33,65,46,9,34,42,61,44,32,73,44,86,97,50,34,95,52,11,28,86,15,39,66,25,63,50,100,67,71,7,75,27,13,45,81,54,13,42,1,8,73,79,29,87,70,54,64,85,12,71,74,34,5,91,33,30,58,44,64,63,31
58,56,69,38,11,2,50,39,99,29,2,65,53,65,18,78,91,63,28,79,24,44,35,82,88,55,55,38,54,81,89,35,12,68,68,92,41,52,26,28,84,19,52,65,95,50,61,69,47,43,78,66,52,35,43,45,75,73,75,45,70,54,29,96,32,66,52,37,98,59,71,74,38,61,53,67,50,44,36,74,42,84,45,38,97,44,82,86,31,96,19,81,79,42,99,36,31,63,57,31
98,66,73,6,60,71,10,61,14,6,54,65,63,46,51,19,91,49,70,62,40,58,77,88,99,82,69,67,26,31,97,9,94,71,83,2,40,62,95,61,57,30,71,14,29,45,62,3,55,37,93,73,72,100,21,35,11,41,66,97,60,84,30,22,9,69,65,62,95,83,91,83,52,61,4,35,90,60,61,75,97,62,46,24,76,43,91,57,30,27,26,59,37,86,67,27,65,38,98,100
55,17,50,41,37,6,27,36,6,85,93,17,44,35,65,76,94,86,94,88,31,37,94,65,69,91,27,27,85,84,56,64,72,88,33,61,23,27,88,76,49,8,12,3,34,54,13,79,2,61,28,26,45,86,42,51,69,48,36,86,81,54,63,63,42,82,19,62,61,65,33,100,74,62,96,43,50,100,31,18,57,83,81,38,28,55,53,49,14,91,27,35,64,92,11,47,62,93,69,31
41,19,53,62,96,97,31,27,58,69,84,58,83,13,97,31,65,61,86,85,7,40,75,91,66,45,94,39,65,69,89,46,16,32,31,65,91,53,39,19,39,16,59,26,13,30,45,10,31,89,52,42,5,52,85,37,28,57,32,82,33,50,80,40,20,82,58,76,93,69,61,8,83,44,92,10,52,46,84,47,23,57,37,88,24,46,57,17,40,65,76,37,83,32,10,38,56,57,11,22
31,36,23,29,37,88,66,36,47,91,46,7,92,22,71,37,49,55,43,76,23,83,38,71,23,34,63,29,30,78,38,97,25,95,87,44,53,89,46,57,65,49,90,79,30,40,74,32,16,32,42,87,56,30,98,82,46,93,26,69,90,37,61,76,55,15,56,37,26,83,76,48,100,42,33,39,67,12,56,12,76,65,53,24,25,47,70,93,78,14,25,45,11,79,58,56,59,26,76,96
78,67,25,79,90,75,10,10,85,64,37,65,77,62,42,14,62,93,22,21,17,26,8,73,24,59,68,37,79,18,26,99,24,26,70,62,39,80,73,61,24,97,57,99,42,87,25,77,42,47,59,99,60,24,39,55,7,33,25,64,57,37,56,90,53,15,67,45,32,72,47,71,76,28,33,45,38,57,47,55,62,37,39,39,50,35,50,26,68,34,5,33,47,60,45,60,93,4,91,29
44,55,16,69,84,26,96,55,67,26,52,21,40,82,69,38,14,43,29,11,27,30,9,45,74,82,98,40,19,88,84,98,87,14,39,73,43,24,31,2,83,59,61,9,3,30,2,99,57,45,59,2,21,72,42,46,40,32,89,33,69,26,25,45,77,38,42,36,13,5,29,14,55,47,72,39,66,65,82,57,16,57,50,64,43,47,62,77,92,14,39,27,37,28,87,8,8,66,59,85
60,27,70,8,53,60,36,72,37,29,18,51,32,17,34,77,70,65,89,64,27,36,12,12,78,45,44,44,32,47,16,33,42,56,17,90,37,36,26,77,44,85,22,24,92,43,77,79,38,62,97,38,74,73,50,24,54,74,10,27,16,51,73,30,61,37,57,47,24,91,88,30,38,41,83,36,28,48,82,72,37,42,73,36,31,43,67,4,86,46,93,92,96,20,43,80,6,78,77,98
70,14,91,42,82,85,33,73,84,38,36,45,2,99,38,47,71,57,100,26,76,52,55,36,33,22,74,36,10,96,28,43,88,90,46,74,56,66,64,67,72,38,42,92,51,70,50,42,97,25,82,64,35,41,40,42,99,10,82,5,51,89,95,67,46,65,74,71,40,40,5,18,69,55,68,62,39,42,30,67,7,45,94,18,48,80,94,35,36,82,53,65,79,30,16,36,43,74,86,37
10,90,65,37,61,27,54,35,7,37,28,8,35,54,54,36,74,83,25,60,76,87,8,25,52,15,95,90,64,61,0,16,61,35,7,56,95,41,76,36,62,43,55,12,24,61,53,12,25,0,47,38,35,91,8,21,51,62,31,31,32,80,78,35,46,47,12,56,7,53,10,37,30,51,29,29,68,46,41,94,25,85,92,17,39,59,6,52,18,38,68,22,53,73,88,16,38,23,81,79
45,50,97,15,65,41,71,31,76,90,50,13,90,38,72,18,88,31,57,79,33,36,97,57,93,8,54,47,80,71,29,55,69,33,96,3,59,24,3,15,39,59,94,28,73,35,43,61,43,46,98,92,8,79,24,17,11,84,61,97,71,3,39,77,29,7,32,28,35,45,41,72,26,35,66,99,27,89,40,79,69,31,49,90,65,3,19,76,44,18,100,43,55,46,97,21,90,35,44,53
84,25,97,59,70,48,68,59,23,60,60,83,59,25,95,87,71,53,50,1,17,83,22,30,36,73,32,23,97,63,51,45,54,99,72,20,55,46,54,51,35,46,63,77,34,42,64,62,22,37,11,35,86,3,18,32,100,68,69,66,75,51,68,12,88,83,69,60,15,25,76,95,40,28,87,49,38,81,54,62,76,19,57,70,17,26,57,68,16,36,39,30,47,42,29,24,29,64,76,28
