52,89,40,77,89,14,9,77,92,27,52,53,96,96,92,26,33,81,42,84,36,81,47,5,87,35,31,71,6,20,8,60,25,4,50,12,88,5,70,43,70,63,45,96,11,53,35,25,10,64,92,46,68,20,61,53,61,28,86,16,51,32,39,19,28,82,31,99,2,30,7,23,53,12,55,60,75,6,8,9,42,45,80,42,77,42,45,13,57,62,66,73,21,94,36,10,100,29,96,69
20,17,80,46,14,43,4,69,5,29,59,18,61,22,82,35,36,8,7,72,15,33,77,33,27,57,57,64,83,32,70,53,92,29,83,46,60,34,43,58,56,9,54,16,16,95,12,45,91,63,24,34,88,40,72,59,43,86,84,81,58,37,35,95,53,63,39,6,27,30,71,48,99,53,55,34,95,32,64,82,9,3,31,38,82,65,51,78,67,78,65,49,89,34,9,57,81,76,88,92
17,84,50,77,71,31,74,26,100,20,96,31,96,15,86,90,50,9,96,97,56,38,74,5,91,100,83,36,96,2,82,100,4,100,69,76,100,9,48,68,36,61,56,39,67,70,55,91,53,96,56,47,55,68,45,9,34,26,98,67,81,10,49,92,91,46,96,5,28,28,76,23,99,13,8,56,80,54,58,16,70,96,75,52,6,28,26,3,20,78,63,50,95,52,42,98,82,76,39,31
55,63,85,35,81,46,51,70,21,24,53,96,76,50,70,23,29,47,95,91,62,50,27,53,11,100,36,99,3,24,81,69,72,25,11,100,77,69,38,2,48,22,24,10,61,23,51,89,5,20,14,2,19,70,36,38,44,68,17,40,38,97,37,63,27,51,3,65,4,20,82,98,97,15,96,5,78,54,31,88,74,88,28,71,98,62,50,75,57,76,25,13,20,8,30,30,67,86,47,49
70,13,64,26,49,80,74,48,31,42,96,98,28,20,65,7,98,87,36,65,49,4,30,23,79,91,34,41,23,52,59,97,15,56,32,64,32,78,90,6,80,78,52,88,79,20,26,74,34,89,26,10,83,82,17,21,51,7,43,69,17,3,52,57,91,35,98,59,21,60,88,40,6,96,34,2,15,80,66,68,38,5,5,87,89,76,51,80,39,46,57,31,15,24,63,28,17,50,85,17
99,72,15,91,70,94,95,50,85,80,90,96,6,44,51,76,100,4,52,76,40,10,89,78,94,16,17,50,81,80,54,62,73,45,33,83,49,9,58,65,68,55,14,54,64,76,25,81,79,40,54,67,69,90,91,45,66,25,97,52,55,54,95,28,53,19,64,7,64,16,44,38,28,73,100,20,26,86,41,14,19,25,71,79,56,23,5,95,10,49,89,40,68,32,100,24,77,18,42,74
77,83,59,20,49,97,66,21,82,42,4,67,32,44,40,89,34,56,23,21,5,99,51,58,81,63,88,80,64,49,90,62,34,98,23,23,99,24,8,39,14,29,18,4,68,6,35,15,93,29,38,95,41,86,45,19,26,46,72,62,49,53,67,15,78,3,90,69,86,27,97,79,57,92,59,35,20,8,97,91,99,62,88,17,3,54,96,26,52,56,75,75,7,39,39,40,16,91,21,45
37,78,99,75,27,2,39,53,54,90,89,77,57,19,97,27,5,52,69,54,25,89,33,75,44,57,13,68,83,30,41,5,16,70,54,16,96,24,2,72,35,81,68,79,36,27,16,99,90,40,63,71,41,71,57,34,95,60,94,99,36,30,58,75,26,60,90,100,41,12,37,63,22,27,77,60,10,13,47,57,81,40,82,30,41,73,76,46,34,10,24,17,31,48,60,19,38,73,99,68
79,6,69,90,57,16,64,15,50,2,78,27,92,25,69,86,39,50,38,99,72,63,15,86,27,86,67,83,55,27,83,5,81,52,52,58,24,86,9,84,20,82,2,1,93,43,20,97,58,87,91,88,50,56,33,23,87,18,75,21,13,7,72,35,34,35,9,97,9,29,83,37,38,34,35,46,96,83,0,42,65,68,31,84,45,22,76,41,44,19,3,46,7,21,17,19,55,16,12,14
23,75,22,81,44,22,28,67,75,81,58,68,29,42,20,1,22,99,93,80,16,69,17,49,60,12,40,5,76,99,16,79,23,73,20,53,21,49,30,74,26,65,32,73,70,23,70,22,70,29,10,4,87,66,71,64,14,28,72,80,28,2,23,81,8,56,48,28,30,28,36,94,49,34,94,5,29,93,63,17,60,42,26,76,94,2,34,33,61,64,46,22,33,39,62,22,100,98,86,15
95,17,39,42,71,83,12,85,40,20,17,22,96,34,45,22,16,50,2,27,6,73,22,55,11,28,95,15,60,12,82,73,57,65,76,38,100,15,22,72,9,89,94,59,95,29,55,49,79,32,23,11,57,23,70,55,79,4,83,39,27,26,25,6,71,78,65,30,9,38,87,38,6,55,68,18,48,84,49,61,67,22,61,72,58,87,87,60,84,44,36,43,59,15,42,79,27,42,90,14
53,56,10,27,55,98,66,84,66,34,98,41,34,42,46,89,97,85,23,22,63,68,64,99,33,8,21,20,17,65,84,57,77,47,79,47,97,4,70,19,11,21,64,9,79,57,83,55,46,50,36,78,36,38,75,6,99,40,38,42,13,84,52,80,43,32,28,70,44,48,65,43,54,62,61,61,36,30,49,58,40,43,57,53,41,37,67,50,3,46,23,45,5,80,94,22,51,28,16,79
100,55,22,64,22,16,53,83,5,7,37,6,87,52,88,82,87,48,7,16,98,86,34,88,45,60,69,81,91,94,79,80,95,59,31,71,72,28,20,39,55,50,90,56,5,35,11,67,8,10,72,45,40,16,55,97,50,10,9,38,71,21,5,43,62,45,87,65,55,68,85,39,80,97,95,47,98,44,19,54,24,24,18,98,61,90,67,44,11,97,74,87,83,47,22,19,34,32,7,50
3,58,22,83,14,72,55,82,16,100,70,39,73,39,8,70,80,19,32,51,59,6,56,24,59,76,64,85,44,46,4,68,60,90,78,79,95,24,64,10,39,94,60,53,30,87,73,58,94,43,58,77,94,64,75,26,39,28,54,70,37,32,50,50,34,80,66,40,9,19,81,62,7,87,65,68,50,43,34,72,53,64,25,23,69,5,24,92,99,77,50,90,33,50,90,49,95,9,85,7
62,2,43,90,67,92,4,37,15,42,50,11,65,9,83,23,24,32,53,29,88,87,31,37,100,74,94,40,44,11,99,49,83,21,79,56,19,2,72,50,81,14,30,78,90,77,28,52,92,100,55,89,13,73,81,17,43,7,58,15,22,94,44,87,79,13,10,69,31,50,2,31,48,83,24,56,12,39,83,71,7,11,99,66,47,65,7,87,85,10,54,79,94,51,54,52,38,61,55,80
50,16,74,46,20,79,74,80,92,66,69,36,62,69,97,32,29,55,71,2,73,53,17,54,82,13,56,53,6,56,28,73,78,12,75,50,36,61,99,8,62,44,29,46,85,61,27,35,90,27,99,47,79,13,37,74,60,80,88,46,6,26,28,14,5,20,4,53,59,62,82,55,88,42,32,59,71,40,46,45,64,89,4,97,63,56,87,92,47,14,35,10,26,39,79,40,96,56,11,66
9,40,96,14,87,53,42,40,18,76,54,99,30,84,26,96,49,63,53,31,73,91,80,2,13,51,57,18,44,29,2,73,19,45,35,92,100,85,65,79,71,23,45,54,90,44,9,70,48,42,6,89,41,23,40,98,69,36,28,32,69,43,16,79,42,6,31,37,24,87,55,45,79,48,58,30,82,81,27,63,99,33,70,50,54,39,10,7,59,69,10,45,84,32,70,84,68,23,70,73
3,12,100,7,58,74,27,70,17,69,44,47,65,89,88,91,41,81,25,48,27,78,100,45,70,34,23,37,96,81,56,32,75,72,28,85,4,92,17,90,53,18,45,68,28,73,26,86,3,76,58,31,21,59,35,54,97,6,21,10,16,22,61,43,84,35,19,87,74,76,15,33,59,27,23,6,58,7,83,31,55,92,20,36,23,55,97,30,20,30,90,6,94,35,36,18,81,56,63,51
25,74,10,27,53,36,55,72,78,48,87,42,85,50,91,38,84,44,78,77,12,57,31,88,30,7,0,39,13,94,13,36,96,57,69,94,19,65,36,25,88,73,39,82,14,59,74,45,78,58,21,2,28,86,53,89,3,91,88,54,80,28,73,77,71,30,12,8,74,91,36,18,52,73,7,71,67,94,56,79,2,89,15,76,59,87,98,93,82,38,86,66,46,7,53,69,30,14,78,58
50,59,34,73,34,70,55,58,55,26,51,68,86,37,93,51,99,12,80,97,59,39,65,24,14,34,42,31,13,86,90,11,19,40,56,78,7,45,33,84,57,16,13,67,68,50,62,66,24,41,89,52,15,37,9,23,43,98,55,87,3,87,12,73,45,26,56,12,49,72,44,62,14,74,61,19,71,91,83,16,76,26,74,70,61,97,36,99,48,91,94,40,97,90,52,62,72,61,94,97
18,83,70,42,37,89,34,20,36,68,3,19,48,63,91,21,81,46,27,30,28,61,41,54,58,34,63,68,48,64,56,32,68,78,89,91,58,10,57,87,67,19,20,85,45,61,25,44,87,21,24,29,80,9,7,28,50,26,88,77,74,90,72,39,33,62,36,64,5,52,87,27,33,23,8,34,75,49,72,47,23,36,7,52,49,72,11,84,50,98,46,39,39,80,77,4,64,96,9,85
22,10,72,49,77,66,71,19,81,68,12,22,85,12,37,2,52,100,26,93,62,42,73,93,95,100,27,28,26,49,71,24,9,91,31,100,83,78,58,98,1,56,26,94,100,20,59,28,94,64,49,20,33,37,44,41,2,68,37,69,52,83,57,78,52,57,60,73,49,26,12,12,54,69,8,44,3,84,53,86,62,57,83,46,38,71,59,18,15,24,96,98,56,87,50,55,85,38,2,40
23,28,17,4,75,98,79,61,77,12,15,94,3,37,47,21,59,43,4,26,51,84,97,41,98,30,87,3,34,41,38,73,39,33,45,54,69,65,80,61,61,69,55,46,29,56,8,87,36,56,74,58,40,89,39,38,19,81,84,49,44,57,4,80,20,1,94,5,50,12,89,1,96,37,17,14,23,78,18,88,17,13,81,80,6,85,97,42,20,90,65,85,38,91,22,23,79,66,24,46
23,84,95,47,95,25,15,22,1,85,45,42,65,72,16,13,84,97,68,31,9,35,39,57,59,92,3,58,91,98,80,89,80,97,6,41,62,45,99,99,80,77,6,2,81,29,42,64,19,48,28,54,98,76,68,2,49,24,72,60,53,42,26,62,51,94,19,25,27,7,28,6,19,54,72,91,24,49,2,15,93,51,73,5,69,87,85,92,3,8,63,64,24,3,57,36,20,87,65,54
75,68,24,41,38,44,57,6,99,74,4,2,44,58,64,12,80,86,52,28,11,32,30,93,5,16,20,16,79,99,21,83,100,15,41,68,81,15,8,56,46,92,13,63,11,34,5,73,99,93,65,31,83,74,38,3,88,67,22,82,74,86,45,27,56,82,13,33,55,27,32,80,89,62,35,68,14,80,35,97,82,92,7,40,57,78,60,10,62,79,39,73,70,98,78,99,13,63,97,33
1,26,35,29,94,13,92,17,16,39,46,85,63,65,44,12,84,66,61,95,14,19,14,85,53,37,71,80,83,15,82,97,53,74,76,36,83,2,99,77,68,44,11,84,53,30,67,16,4,37,37,34,8,58,54,12,74,40,77,57,43,88,60,5,73,21,59,56,54,91,37,80,39,51,43,65,93,4,27,89,47,6,37,96,52,6,28,38,13,67,66,91,21,13,77,15,76,8,25,39
66,79,58,70,73,21,72,83,72,75,20,85,30,83,42,35,40,8,45,40,31,21,14,66,84,8,52,44,33,24,78,21,74,8,52,44,87,73,34,10,95,37,61,83,64,95,79,41,41,95,43,80,11,99,52,58,47,45,57,46,55,85,27,97,75,25,54,9,96,53,43,41,12,40,13,85,20,37,45,30,49,17,68,60,68,49,48,34,72,34,37,44,19,17,47,23,13,13,90,24
72,57,74,85,56,5,98,81,9,71,54,7,37,69,41,66,55,50,54,76,90,67,76,60,14,67,11,87,87,87,75,59,86,82,69,78,38,50,67,5,52,56,5,49,79,100,82,78,47,41,63,34,22,81,57,56,85,59,41,15,79,49,4,46,84,81,64,68,48,90,53,40,79,33,18,74,19,25,24,72,3,87,6,3,57,32,70,61,91,87,40,94,69,11,86,81,92,83,40,38
19,34,80,40,26,25,48,84,2,100,68,73,18,30,54,26,49,29,64,17,65,98,23,33,79,27,34,89,62,33,81,42,38,13,12,34,32,97,57,80,63,73,43,66,57,84,98,80,59,47,40,12,92,15,40,40,14,100,33,21,39,36,22,81,80,9,42,45,62,47,67,55,29,82,2,53,16,18,44,76,12,82,100,25,81,42,7,30,58,44,17,23,24,33,100,44,37,58,91,59
21,32,79,73,14,34,17,67,23,73,83,53,4,90,83,14,60,73,58,64,38,5,36,92,56,13,36,81,61,13,87,34,81,90,11,10,87,33,22,29,64,30,30,79,33,79,43,14,9,73,24,5,39,62,21,93,89,70,28,56,13,67,99,82,29,48,7,77,94,86,49,63,2,99,29,45,66,66,32,80,29,58,25,10,75,79,38,72,95,99,30,67,20,46,59,80,43,22,69,83
32,62,56,66,18,20,36,73,35,56,25,34,37,65,87,90,74,77,98,68,51,77,29,4,41,17,40,97,14,96,60,46,84,18,6,20,43,26,18,67,23,68,85,13,94,4,78,6,18,66,51,86,11,33,13,72,40,51,16,67,84,8,18,60,18,45,89,61,20,74,19,15,71,52,30,22,79,53,60,79,84,95,82,16,56,11,98,99,64,12,77,67,88,5,53,19,31,70,86,99
95,40,5,96,84,88,41,81,71,46,71,45,61,64,52,99,83,73,79,23,36,99,40,41,5,0,57,75,14,75,85,43,47,67,68,45,53,77,68,82,40,94,16,13,100,52,79,4,23,32,48,88,95,15,43,82,61,20,83,77,68,85,39,69,48,2,15,95,74,79,31,92,54,96,89,22,46,4,76,100,91,88,86,41,8,30,99,13,6,79,51,26,28,11,12,97,58,62,10,12
85,19,16,59,25,41,7,60,10,39,20,33,23,34,77,37,25,84,90,12,72,54,69,61,42,61,88,20,95,5,100,79,59,62,60,72,34,100,68,13,5,18,73,46,39,78,84,32,100,82,3,56,24,45,71,27,68,21,57,23,49,70,59,88,95,98,97,18,98,4,80,98,47,25,53,71,98,73,55,42,75,14,11,49,79,22,41,62,20,89,6,74,71,77,90,34,82,40,81,43
8,12,6,9,52,17,41,96,80,61,91,36,6,82,11,12,23,63,34,67,18,36,53,97,97,99,21,96,61,40,68,16,4,69,87,99,92,79,41,54,45,94,94,9,60,57,88,68,97,83,85,94,12,63,79,8,8,85,96,43,44,10,84,92,40,55,79,94,25,59,32,3,40,96,75,67,70,27,96,37,79,100,38,20,96,94,99,92,14,63,50,20,47,73,50,80,20,16,59,13
58,95,11,62,77,65,34,59,86,76,11,24,34,87,30,42,92,66,36,53,82,90,9,50,28,65,33,8,25,92,59,86,87,79,44,99,45,15,73,63,50,72,99,60,65,20,13,50,85,42,82,86,91,33,43,31,81,52,65,88,72,33,63,41,87,63,95,66,60,4,61,19,62,18,75,50,78,10,85,74,67,31,13,25,18,100,59,35,38,16,91,96,51,94,26,12,60,53,70,39
43,3,31,25,69,68,42,72,43,74,1,16,41,30,44,27,56,45,49,7,36,56,69,86,50,36,19,30,44,91,83,12,32,56,43,66,52,5,50,66,82,100,87,46,36,25,81,21,78,27,66,76,78,44,14,15,61,50,83,41,24,28,43,84,79,75,21,18,23,88,31,41,45,45,51,86,67,11,13,96,16,48,20,99,64,58,86,21,66,82,18,97,8,83,14,12,77,77,54,74
32,14,36,71,8,22,85,62,21,11,11,98,77,87,40,30,28,64,29,94,13,90,76,74,56,43,83,46,21,9,24,61,82,29,20,53,16,83,61,38,80,87,62,74,8,65,12,10,73,80,43,64,16,42,87,67,68,7,73,34,3,11,2,60,97,72,68,3,4,87,32,77,75,84,100,26,67,8,84,43,79,36,69,16,45,52,2,65,30,54,44,68,35,21,58,77,55,28,68,19
47,6,13,71,77,63,41,3,53,42,92,98,58,11,100,38,95,59,52,98,17,21,44,35,62,66,55,24,17,34,32,83,99,13,74,9,59,77,45,8,47,83,52,76,17,74,7,89,37,91,81,63,4,50,58,21,5,95,52,83,35,14,52,24,64,32,65,11,58,36,45,47,3,59,85,17,34,5,90,45,7,71,3,23,39,43,96,9,79,49,26,96,41,70,19,21,41,49,46,95
53,57,55,87,58,26,94,72,44,56,42,75,20,8,17,88,17,85,84,39,13,69,28,36,15,85,68,75,66,81,48,20,40,3,34,61,86,26,30,18,18,3,98,87,27,30,61,71,63,79,91,64,26,44,42,38,2,1,34,14,75,27,53,48,77,19,33,22,81,72,15,27,69,38,81,14,91,6,16,18,30,95,56,8,62,3,76,32,87,96,46,9,9,8,44,99,27,97,4,54
66,42,86,82,5,41,48,100,14,58,94,14,95,90,68,23,41,36,73,28,79,37,13,97,40,49,69,63,62,91,38,85,95,86,23,10,85,61,73,3,76,62,96,68,21,76,25,53,50,66,34,45,2,41,10,90,45,50,86,54,29,2,13,46,81,99,27,36,51,57,35,74,75,29,30,32,20,20,51,50,12,48,68,10,45,7,15,49,99,35,72,78,16,78,68,38,15,14,36,80
47,12,43,68,87,43,61,26,29,99,7,81,94,16,62,27,71,96,81,59,11,15,46,43,82,80,96,43,2,89,50,66,59,53,60,30,20,72,24,12,90,18,39,100,93,65,21,39,77,99,52,41,82,8,82,27,41,57,68,42,99,39,83,13,7,37,26,96,40,24,9,80,44,93,82,15,57,73,74,48,25,47,41,88,61,25,72,41,10,88,46,87,75,50,78,51,51,6,16,97
34,45,20,19,72,58,53,3,85,15,7,26,63,47,80,34,69,35,62,52,54,35,62,69,50,35,5,65,45,98,3,6,63,51,98,58,55,13,39,35,69,56,63,95,21,80,40,80,61,61,29,95,100,15,72,35,27,78,12,18,6,31,65,92,33,2,21,85,35,14,35,48,7,48,59,84,4,11,71,83,77,28,95,57,54,34,20,68,55,21,60,43,43,39,32,28,63,63,66,51
39,9,71,18,56,4,79,17,45,15,57,22,17,46,44,82,20,34,83,9,63,80,28,23,86,86,32,90,76,6,1,86,2,87,42,81,68,66,89,70,21,15,60,91,100,76,35,17,89,51,80,79,46,15,75,31,77,87,34,26,80,2,40,55,58,7,75,72,59,12,10,65,70,90,5,30,67,96,44,64,80,97,54,65,65,74,90,65,71,40,32,4,78,48,22,30,34,20,44,38
51,53,76,31,67,86,16,57,46,44,86,83,30,47,20,93,43,90,98,98,40,76,77,80,9,38,7,97,48,77,91,81,65,60,53,93,12,52,94,9,70,59,89,98,60,39,45,12,91,51,47,9,86,25,54,58,74,17,95,35,29,79,70,82,77,49,84,98,72,84,44,76,68,8,55,46,81,100,79,22,8,77,5,83,21,93,7,55,52,79,72,70,70,10,60,88,27,36,48,100
33,36,90,47,39,2,26,43,72,21,29,16,27,20,35,52,36,54,49,66,30,58,55,13,66,20,54,96,88,89,98,86,8,42,94,43,11,2,34,84,6,4,28,7,37,67,91,1,96,51,85,34,39,93,83,64,42,84,11,89,90,72,6,74,51,5,68,70,80,11,15,66,33,76,57,70,85,70,80,100,32,25,61,11,53,99,62,5,46,65,82,71,64,23,94,83,88,97,23,53
40,8,91,32,36,61,94,82,68,71,91,22,47,91,72,38,34,20,38,51,95,46,59,64,17,71,77,88,43,80,29,42,30,25,80,52,26,17,35,7,53,70,56,79,26,39,11,11,55,13,31,7,84,26,39,42,53,49,74,46,80,31,52,53,82,50,14,26,54,37,29,92,29,69,66,88,52,96,60,57,53,90,3,64,5,27,7,25,11,35,43,97,2,37,4,68,90,85,92,59
77,71,40,61,95,74,77,62,89,4,33,6,67,80,84,9,8,74,53,27,45,93,88,49,55,3,73,88,65,80,45,21,44,2,80,55,81,17,64,81,11,54,56,73,16,94,28,81,43,72,86,48,40,97,33,79,92,77,14,89,20,18,67,27,19,90,48,83,0,78,62,84,95,98,5,30,97,16,28,26,43,67,95,20,96,90,16,75,97,84,15,15,47,76,78,95,78,84,15,70
78,48,71,95,27,13,70,39,23,95,12,60,20,57,6,13,65,47,55,33,56,25,30,91,17,37,47,84,58,92,98,5,80,21,81,68,49,81,87,84,94,74,8,26,16,70,25,25,2,58,40,60,56,45,43,85,63,81,42,4,68,18,90,41,57,34,66,60,38,93,94,3,52,99,68,65,22,14,96,44,11,15,79,23,18,59,82,55,57,25,96,5,48,61,71,1,75,40,55,37
19,53,2,21,62,28,81,18,90,78,35,95,22,79,31,94,57,43,77,15,55,44,96,91,47,84,76,81,92,29,67,51,100,4,40,35,34,70,37,56,14,58,63,49,43,45,54,70,92,44,66,49,34,83,90,66,53,41,5,53,96,75,67,41,16,66,69,8,70,25,78,32,62,41,49,26,56,83,18,58,57,100,44,22,12,15,18,46,31,69,75,80,46,35,44,68,66,42,69,51
4,96,5,65,72,5,25,55,88,32,45,3,37,73,55,93,42,20,56,58,69,94,20,16,30,74,9,71,76,83,40,17,13,10,19,49,3,84,17,36,20,72,19,75,44,49,38,35,55,32,92,11,85,6,91,72,66,46,12,3,11,17,81,43,70,8,67,34,38,46,61,48,67,44,57,49,64,50,57,49,66,41,61,89,40,38,89,76,34,95,32,86,92,93,32,93,75,41,27,89
56,35,65,14,64,51,18,49,100,61,33,89,30,68,6,35,2,22,59,90,84,12,87,57,75,97,95,5,23,44,93,42,54,24,16,13,59,5,62,79,89,73,73,79,67,95,6,41,30,48,12,71,40,65,9,26,91,66,14,32,46,6,98,39,76,41,37,51,7,58,46,19,5,35,87,85,86,68,32,36,7,41,8,39,69,83,45,16,34,81,86,52,100,70,95,41,10,99,85,22
85,73,30,6,91,74,10,92,71,62,62,32,34,6,28,98,53,24,27,35,18,16,34,56,26,86,63,38,25,97,96,33,2,90,56,91,38,80,57,30,71,47,26,58,85,79,37,53,24,73,13,64,83,3,14,8,46,90,86,89,85,31,71,21,28,22,51,73,20,51,85,98,55,96,14,68,59,49,50,83,99,43,94,80,65,61,13,92,92,30,50,5,12,19,67,28,16,41,47,48
91,55,97,47,13,74,62,24,2,90,36,62,85,8,81,55,70,42,62,22,22,73,4,30,96,94,22,72,5,15,70,56,45,6,87,7,32,20,48,56,28,64,26,39,76,20,47,74,7,35,69,44,58,13,55,28,90,62,34,75,53,19,2,32,20,51,82,72,8,68,72,98,10,22,57,5,75,80,53,39,26,38,69,48,23,58,70,75,33,8,32,89,51,91,10,53,70,78,35,83
42,11,43,6,58,89,67,32,54,34,42,92,72,46,8,74,90,9,5,42,50,95,38,73,79,34,2,96,97,29,6,8,12,92,92,41,78,3,34,92,47,60,95,23,41,98,18,74,38,79,56,40,57,2,37,78,84,41,48,83,33,32,88,39,87,50,61,92,74,61,61,96,21,53,70,93,36,91,4,75,17,53,23,61,12,31,74,69,97,76,67,47,28,52,90,71,20,41,47,16
9,48,7,21,39,88,95,96,50,59,10,92,12,80,2,73,42,93,63,72,33,83,98,78,63,92,1,97,19,8,37,60,31,60,56,46,90,83,52,38,40,12,36,47,86,14,91,64,16,88,33,46,20,42,77,90,46,25,4,98,11,84,42,2,50,7,43,37,72,41,60,48,15,95,57,30,6,31,27,41,73,62,20,78,64,1,89,76,88,76,89,84,76,39,19,80,77,15,68,38
41,82,94,13,32,57,20,24,91,53,73,74,72,22,56,15,46,65,47,25,73,28,10,94,79,8,53,41,18,57,56,53,50,77,19,39,49,81,62,24,13,44,98,7,82,20,49,7,2,62,34,26,90,84,31,83,70,22,11,12,27,40,13,40,73,54,39,94,89,91,44,4,15,1,18,93,98,94,21,47,35,98,14,42,76,1,29,31,76,10,19,8,17,7,29,5,7,49,79,70
55,4,57,95,67,41,46,67,97,83,20,16,60,58,18,18,11,31,81,84,24,5,7,6,28,48,73,38,8,6,71,26,7,62,51,15,6,64,36,32,16,97,49,22,81,88,2,60,23,82,3,7,43,34,77,6,55,90,37,69,61,98,77,55,49,70,30,30,7,20,25,81,30,53,75,50,57,26,69,90,55,36,29,87,57,92,88,60,29,83,21,55,82,6,19,32,72,2,72,2
35,49,59,93,43,77,43,7,88,8,63,31,34,90,45,38,51,69,60,82,62,64,17,31,9,69,82,83,98,66,64,51,37,25,34,55,77,26,30,73,99,29,90,68,99,53,56,3,26,43,58,33,46,79,88,12,6,35,2,39,48,93,14,49,7,76,56,58,36,57,42,1,44,83,96,81,43,12,8,16,36,87,30,33,10,13,90,41,29,4,96,99,98,75,22,45,42,7,28,24
57,29,16,16,50,42,34,62,49,9,47,55,8,53,85,48,35,52,91,92,3,41,92,48,58,31,39,4,74,96,49,11,37,57,57,21,93,77,28,2,53,37,85,7,39,89,22,11,30,38,33,30,33,5,10,17,52,29,27,38,94,45,37,83,6,85,77,5,57,71,33,8,92,41,96,26,88,57,44,2,59,53,94,57,65,93,64,2,7,26,4,4,48,9,77,27,62,23,77,44
68,64,90,98,36,95,75,2,40,87,83,79,33,61,95,77,59,86,51,38,54,73,47,78,73,14,28,24,68,91,22,12,26,90,75,18,53,80,70,17,53,65,53,16,54,63,94,54,6,35,41,8,24,25,86,7,12,26,63,58,98,43,14,91,4,59,47,87,48,39,85,19,46,60,14,75,23,20,82,69,76,75,45,76,69,28,34,48,16,95,70,9,97,36,62,82,44,67,33,71
53,34,60,89,66,52,16,5,99,89,78,87,100,43,7,52,32,12,27,62,29,46,28,54,96,76,43,19,22,53,23,85,77,30,99,7,81,82,56,14,22,69,12,17,33,21,9,25,68,99,49,7,95,52,53,63,40,27,13,81,7,44,90,11,62,79,100,74,67,7,61,74,86,67,55,77,45,76,54,29,38,26,9,88,13,59,9,7,63,74,7,10,48,36,80,58,3,28,76,89
18,75,86,95,31,74,98,16,7,94,60,80,50,84,4,55,16,37,97,51,84,64,91,76,93,16,21,37,59,38,69,69,49,16,85,33,34,57,21,75,98,34,86,50,9,67,41,52,32,75,67,24,4,50,7,54,93,27,99,66,100,21,17,24,19,42,54,64,9,63,15,63,53,95,67,4,79,88,41,66,37,67,27,60,6,8,58,33,37,11,66,4,33,76,52,88,51,12,38,49
64,41,86,76,37,7,74,71,52,10,95,39,75,84,61,70,70,58,100,47,70,6,2,7,0,14,66,98,23,15,21,64,75,73,22,20,56,9,99,48,17,33,19,61,30,37,27,84,51,58,68,47,51,19,12,13,89,74,98,70,46,11,67,9,8,73,39,83,53,82,53,13,98,10,40,85,13,76,8,38,48,10,2,23,27,43,82,58,89,16,82,35,31,93,54,97,46,48,84,22
79,55,36,29,95,63,96,32,43,83,61,6,44,24,67,86,59,20,17,9,62,72,33,20,25,7,56,70,88,24,26,74,3,53,81,74,82,21,69,100,9,4,100,91,53,5,72,93,16,26,34,80,70,20,83,37,44,39,14,83,90,37,44,50,8,44,65,88,60,65,16,75,9,57,90,25,70,95,32,29,12,65,41,74,12,55,61,16,81,61,65,25,77,83,15,8,8,14,88,8
73,98,44,94,82,4,20,93,27,94,21,87,67,88,75,3,14,95,65,95,100,61,96,12,100,92,41,38,60,34,34,19,85,19,87,10,14,85,84,97,69,23,77,53,14,57,21,25,34,83,32,10,59,97,70,3,18,54,25,46,4,70,81,90,55,15,20,5,24,13,3,86,25,66,99,89,18,93,84,74,68,68,7,37,15,17,19,55,65,67,88,38,29,80,8,33,71,15,72,9
51,91,89,15,88,80,91,22,52,74,52,3,68,83,96,30,74,40,8,82,96,52,40,61,39,45,94,38,56,66,85,70,2,31,57,78,15,55,97,29,35,59,15,7,14,9,31,25,10,98,67,20,81,67,36,36,83,95,17,33,12,12,68,23,92,8,88,82,15,47,90,28,17,57,60,24,99,79,13,77,67,57,7,91,55,6,86,52,28,77,43,79,35,89,93,10,75,93,25,74
65,75,44,69,38,38,36,68,69,18,62,62,57,74,79,64,29,91,52,10,16,49,13,79,84,97,92,7,42,49,25,61,22,77,12,77,26,79,85,23,67,31,9,78,28,54,87,25,62,50,50,10,96,29,28,75,7,64,95,97,12,84,48,5,94,89,96,94,25,50,52,29,94,12,84,42,17,33,91,42,84,36,86,52,48,21,20,63,24,97,67,48,4,73,59,89,20,73,12,77
53,36,55,42,68,19,42,43,42,62,47,92,32,29,50,29,81,90,85,89,23,80,79,38,91,1,89,16,10,80,44,96,98,57,83,60,99,57,2,97,19,73,20,22,91,91,45,26,23,14,87,73,9,42,48,39,90,100,89,25,87,57,10,81,48,16,13,37,16,30,6,55,21,35,100,82,43,91,62,69,85,84,90,56,58,93,96,95,26,28,36,96,100,79,50,72,89,94,94,70
52,6,98,4,55,97,12,39,78,88,11,79,13,95,95,70,39,68,19,57,38,80,16,71,24,96,36,22,12,33,2,12,93,92,37,81,92,84,20,64,5,87,84,23,21,67,64,99,84,39,100,65,65,47,76,58,35,84,50,50,78,51,69,59,29,33,96,81,12,53,28,100,27,48,70,16,59,12,1,51,19,87,65,36,66,7,54,9,39,24,80,100,78,58,81,69,61,11,80,68
88,25,28,2,24,70,15,79,12,39,18,10,56,43,81,4,16,57,10,75,2,34,97,91,24,48,42,6,24,21,63,92,11,73,86,100,90,80,25,99,29,42,49,73,38,90,11,49,93,87,2,87,46,17,35,29,26,94,14,4,61,54,92,48,31,70,86,54,80,91,19,82,93,41,63,54,41,79,47,4,46,41,12,12,1,31,11,66,89,18,73,68,7,46,23,47,95,18,100,18
13,26,21,21,65,44,19,72,46,12,57,78,91,10,5,92,8,63,44,13,15,59,89,96,76,39,5,34,17,16,32,89,86,99,3,51,64,15,11,54,48,83,10,69,100,81,0,5,90,69,69,2,61,82,76,76,70,60,14,53,17,70,21,83,46,17,18,18,31,67,78,33,43,89,59,93,59,56,69,94,27,85,47,96,4,13,5,11,79,14,28,73,10,89,26,86,62,90,84,89
78,56,27,52,10,58,17,44,17,27,49,47,30,97,12,17,76,32,97,75,47,82,98,62,71,22,74,30,68,61,60,77,63,3,38,60,5,25,17,30,23,23,79,70,91,19,27,97,79,37,87,88,46,49,65,4,26,84,35,46,50,49,65,2,3,17,81,79,64,43,38,35,31,13,58,20,22,1,28,62,48,11,44,24,58,79,71,79,87,22,5,2,54,50,97,60,20,42,7,45
14,93,55,12,56,84,15,87,66,31,59,45,76,65,28,40,9,20,69,95,15,61,27,98,85,57,50,3,15,10,54,31,85,16,98,41,93,22,12,74,6,72,12,58,91,87,9,37,21,55,21,59,13,10,15,63,89,48,11,6,82,71,35,40,42,4,56,31,89,63,58,39,88,92,4,22,5,62,6,45,11,89,99,11,57,31,60,7,63,31,22,39,49,67,33,82,13,8,62,77
79,57,99,18,50,80,54,33,94,90,100,82,5,32,82,55,55,18,3,57,45,4,28,52,3,39,27,74,31,13,47,70,22,94,21,27,8,54,4,99,24,99,66,45,11,50,86,49,92,51,22,78,55,29,62,44,99,37,76,60,83,65,66,52,4,51,29,39,98,50,36,12,93,34,70,22,88,40,54,78,61,52,5,58,40,30,46,46,55,3,88,74,69,80,34,32,35,43,98,39
35,68,82,79,20,92,97,86,93,54,84,53,63,17,23,23,83,39,18,6,68,47,2,61,62,4,4,43,27,93,40,48,12,31,81,7,51,99,40,61,14,50,3,88,61,43,87,35,63,69,9,10,32,29,33,37,81,34,34,13,1,22,41,36,30,11,36,81,23,21,62,17,73,50,35,54,96,51,29,57,81,89,78,80,67,99,4,74,24,76,11,23,77,86,23,3,12,70,52,53
28,14,31,41,41,13,21,5,53,33,33,3,88,79,73,100,49,58,30,99,100,30,57,81,100,55,70,84,96,58,89,28,40,16,22,34,98,21,23,81,94,50,61,59,70,35,97,8,62,82,42,47,32,77,95,86,1,70,81,45,23,37,41,50,56,28,90,84,10,37,37,100,40,68,33,84,46,91,77,28,89,4,12,3,53,7,96,52,79,1,38,84,80,5,29,91,76,33,16,72
58,17,89,4,21,23,31,85,69,12,60,70,81,21,59,60,71,13,78,26,35,85,97,32,66,47,71,48,18,99,17,91,86,36,30,56,18,40,77,68,89,95,21,65,58,52,74,69,89,56,55,64,15,12,50,8,3,90,13,25,57,35,86,55,90,91,34,39,86,80,29,19,20,84,6,60,4,30,67,93,77,96,21,7,62,89,100,69,56,82,91,39,15,66,43,80,28,3,78,60
10,30,95,61,65,3,29,64,77,26,29,17,13,26,36,5,25,56,22,27,16,21,6,55,57,70,12,36,83,39,31,99,38,31,71,33,54,43,4,44,20,24,16,47,19,25,61,47,74,76,26,41,86,65,24,92,98,82,13,88,35,1,26,64,58,97,96,1,30,83,29,70,88,30,58,83,66,33,75,39,31,81,4,45,34,92,36,68,21,53,80,96,86,27,35,96,46,23,33,93
7,51,18,72,74,67,33,64,78,28,0,88,40,40,87,44,34,34,10,48,89,90,100,13,4,100,89,77,56,25,58,62,19,67,18,32,2,12,15,45,4,74,19,81,71,34,36,86,37,15,82,51,90,41,16,37,62,34,90,39,88,83,89,70,41,43,34,94,67,25,85,45,30,82,82,75,58,47,36,20,41,62,5,0,7,58,52,8,90,10,67,23,39,9,68,10,13,45,37,18
47,11,27,33,78,36,18,77,62,74,24,70,60,81,27,30,29,66,63,73,92,84,36,90,41,61,64,42,15,25,77,28,53,75,77,72,27,77,31,34,26,44,30,90,67,34,79,89,90,2,52,77,56,14,96,37,23,97,62,63,60,12,89,30,66,18,53,10,72,57,53,72,59,45,45,98,83,96,0,5,95,61,58,34,87,35,75,9,64,67,7,5,44,69,87,14,94,10,54,77
25,13,32,40,100,32,48,82,27,17,58,38,23,67,8,22,35,13,67,18,81,39,70,48,92,18,16,18,25,24,27,33,25,87,24,95,71,35,69,85,29,47,24,95,17,43,5,54,39,58,22,10,37,70,93,80,79,66,87,36,55,86,7,13,16,77,70,5,58,83,56,68,38,84,26,93,8,12,21,31,28,99,25,83,96,69,48,59,92,66,66,89,51,80,20,79,17,95,32,83
71,99,72,93,56,74,64,73,19,90,15,66,76,79,69,12,50,36,62,22,18,68,54,83,3,83,71,72,63,41,60,45,6,3,67,44,10,88,15,14,47,29,73,83,18,53,33,15,87,6,26,10,65,9,15,28,92,97,86,61,96,85,14,100,59,75,52,61,0,98,73,4,43,22,20,2,72,13,92,36,36,18,55,22,24,41,93,8,62,9,36,6,23,28,29,9,52,49,64,13
91,83,7,55,6,32,47,35,21,18,33,64,48,36,91,47,53,49,88,4,9,1,71,2,66,4,24,26,23,96,41,38,21,89,36,82,77,77,11,30,49,45,61,13,60,100,6,70,98,61,60,3,8,97,38,48,36,21,7,59,7,98,12,17,61,52,29,15,48,81,57,20,43,45,51,51,38,16,35,7,56,36,37,87,78,91,7,97,9,49,72,20,99,13,24,18,89,91,20,78
25,42,7,9,88,23,97,79,59,90,84,61,97,11,25,99,21,23,72,30,2,28,3,87,1,18,20,21,70,19,97,16,53,61,25,39,86,23,7,65,17,3,41,18,51,61,2,68,95,38,25,46,71,36,4,56,43,8,53,69,38,98,66,67,87,86,91,73,76,37,85,27,23,61,80,50,46,30,7,91,80,93,91,4,59,82,94,53,48,71,11,43,41,86,66,96,45,17,12,63
55,67,74,67,79,4,19,14,7,62,88,61,15,92,50,60,45,51,87,43,28,11,64,67,49,74,39,72,81,82,34,87,22,11,79,12,39,88,2,62,11,63,31,95,22,15,8,10,68,66,12,99,4,47,35,89,5,98,26,100,64,73,92,70,12,53,41,93,48,65,7,89,5,15,40,23,12,38,7,39,94,19,94,56,69,19,87,81,99,71,77,6,65,43,20,80,5,29,11,98
73,49,61,100,70,7,61,14,30,39,96,2,94,11,67,86,80,67,35,33,45,16,94,65,45,22,81,94,30,100,62,51,56,66,49,7,59,35,56,67,71,46,74,40,39,7,38,59,29,11,68,50,57,16,80,100,65,47,28,51,83,83,53,14,58,8,62,99,77,9,15,49,91,69,99,10,36,11,92,14,6,10,10,100,46,91,68,10,36,99,66,70,54,13,78,74,84,56,46,51
31,76,18,78,91,28,83,99,89,42,53,80,32,16,78,19,19,69,14,59,98,19,59,57,3,48,74,47,84,12,95,86,31,13,40,20,92,64,29,63,6,37,72,97,90,20,84,52,82,89,66,23,32,15,81,26,56,11,15,20,50,3,38,43,49,24,55,24,87,44,73,95,18,63,32,91,75,77,84,71,59,55,100,80,52,59,61,60,48,71,49,54,82,82,27,89,44,11,79,71
74,96,66,12,59,42,78,95,85,81,19,15,11,13,28,53,88,27,84,33,35,66,48,28,96,26,53,41,30,51,19,67,83,51,95,77,97,91,10,33,41,22,9,10,68,85,18,8,47,20,12,73,50,10,21,52,11,4,86,39,15,90,49,89,74,100,67,45,31,75,3,37,45,81,30,13,18,25,8,97,5,29,87,44,30,40,11,12,71,100,34,5,91,57,6,82,20,64,63,31
82,32,43,38,11,76,50,39,99,29,2,65,79,89,42,4,91,63,4,79,48,20,11,82,88,79,55,14,30,81,15,11,12,92,92,92,41,28,100,4,10,19,76,89,95,24,35,93,21,69,4,66,76,35,43,45,75,73,75,69,46,54,5,96,32,40,52,13,74,83,95,50,14,85,77,91,76,20,12,98,66,60,45,38,73,70,82,86,31,96,19,57,79,18,25,36,31,63,81,57
24,66,97,6,60,95,10,85,14,6,78,39,39,46,51,19,91,25,94,36,14,58,77,64,25,58,69,43,2,31,97,9,94,71,83,2,16,62,21,35,83,4,95,88,29,45,86,3,55,37,69,49,46,100,45,61,11,65,90,97,34,84,30,22,33,95,39,86,95,83,91,59,78,35,4,11,66,60,61,75,73,36,46,24,100,43,17,57,30,27,26,83,13,86,67,51,65,14,24,100
55,91,50,41,37,6,53,36,6,61,69,17,44,35,65,50,94,86,94,64,57,61,94,41,69,91,1,1,61,84,56,40,46,64,9,85,97,27,64,100,49,32,36,27,34,54,37,79,2,85,28,52,45,86,16,51,45,72,12,62,81,54,63,87,68,58,19,36,35,41,9,26,98,88,96,43,50,100,31,18,57,83,57,64,4,31,53,49,14,17,51,59,64,92,11,23,38,93,95,31
41,19,53,62,96,97,31,1,32,69,84,58,83,13,97,31,65,85,62,61,7,40,75,91,90,21,94,15,65,69,65,22,16,6,31,65,91,27,39,19,39,40,35,26,13,54,71,34,31,89,78,16,5,52,61,37,28,81,8,82,33,26,80,40,20,58,82,50,93,93,61,8,9,20,68,10,76,20,84,21,97,57,63,88,24,46,81,41,64,39,76,37,83,32,10,12,80,57,11,22
5,36,47,55,63,14,90,12,47,91,46,31,68,96,71,63,25,55,17,76,23,83,14,95,23,34,87,29,56,78,64,73,99,95,63,44,27,89,22,81,41,73,90,55,4,64,98,32,16,58,68,87,56,4,98,82,22,69,50,69,66,37,35,76,55,15,56,37,52,83,100,74,76,18,33,15,41,12,32,12,76,65,53,98,25,71,70,93,78,38,25,19,11,79,82,82,59,50,2,96
4,91,25,79,90,1,84,34,61,64,37,89,77,62,18,14,62,93,46,95,91,100,8,47,24,59,68,61,55,92,2,25,48,52,44,36,65,80,47,61,24,97,57,99,18,13,25,77,18,21,59,99,84,24,39,79,7,7,25,64,57,13,80,90,53,15,41,21,58,96,71,45,52,52,33,71,12,33,47,31,36,37,65,63,50,9,74,26,92,34,79,59,73,60,71,60,93,4,67,5
44,55,40,69,84,26,96,55,91,26,52,21,16,82,69,62,88,67,53,11,3,30,9,45,74,82,98,40,19,64,60,98,63,14,15,73,69,24,31,76,9,83,35,9,3,30,26,99,57,69,59,2,21,46,66,46,40,58,65,7,69,100,25,69,77,38,18,36,87,29,5,14,55,47,46,39,66,39,58,81,40,57,24,40,19,71,62,77,92,38,65,1,63,4,87,82,32,66,59,61
60,27,70,8,77,84,62,96,63,5,42,27,58,17,34,77,94,39,89,88,53,12,12,12,78,69,20,18,32,47,16,59,42,56,91,90,63,36,0,77,68,85,22,98,92,19,77,5,62,88,97,38,48,73,50,24,54,48,34,27,16,27,97,30,85,13,33,47,24,17,88,54,64,41,83,12,28,72,82,48,61,42,47,36,31,17,67,4,86,46,93,92,96,20,19,56,6,78,77,98
46,38,67,42,82,85,57,73,84,38,12,45,2,99,38,23,97,83,100,100,52,52,55,36,57,22,100,36,10,96,54,67,88,90,46,74,56,42,40,91,72,64,42,92,51,46,50,16,73,25,82,38,11,67,16,42,99,10,82,29,27,89,95,67,46,41,98,71,40,40,29,18,43,79,42,86,39,66,4,41,7,45,94,18,48,6,94,11,10,82,27,91,55,56,16,62,69,98,12,13
10,90,89,11,61,3,54,11,7,37,52,82,11,78,54,10,98,59,25,86,76,87,8,25,52,15,95,66,40,85,74,16,61,59,81,82,71,17,50,36,86,19,29,12,24,61,53,12,99,24,21,12,61,91,8,21,51,38,57,57,8,80,54,11,22,23,12,56,31,53,10,61,6,25,29,53,68,46,41,94,25,85,18,17,39,35,6,52,18,64,42,22,79,73,88,16,12,23,7,79
45,50,23,15,41,41,47,7,76,90,50,13,66,38,72,18,88,31,57,79,33,62,23,33,19,32,54,73,80,95,5,81,69,59,96,3,83,24,3,15,15,59,20,54,73,35,43,61,43,46,24,92,8,79,24,91,11,84,37,73,71,3,13,77,5,31,58,4,59,45,67,46,26,35,66,99,51,89,40,79,93,31,49,66,41,27,19,100,20,18,100,43,29,46,97,95,16,61,44,29
60,25,73,59,70,48,44,83,23,60,86,83,59,25,71,63,95,53,50,25,17,83,96,30,36,73,32,23,97,87,51,21,30,99,46,44,79,22,54,51,35,22,63,77,58,18,90,86,22,13,11,61,12,27,18,32,76,68,69,92,1,75,68,12,14,83,93,84,15,25,2,21,40,28,63,49,38,81,78,86,50,19,57,44,41,26,57,44,40,36,39,30,23,42,5,24,3,64,76,54
